#ATLAS9 Vega flux: 1994A&A...281..817C
#In each flux file (except for the flux_reference_spectrum): 
#              col.3=wavelength in nm
#              col.4=frequency nu (s^-1)
#              col.5=Hnu (erg/cm^2/s/Hz/ster)
#              col.6=Hcont (erg/cm^2/s/Hz/ster)
#              col.7=Hnu/Hcont
#Hnu is Eddington flux
#Flambda=4*Hnu*c/wavelength^2  c=light velocity  
#
TEFF   9550.  GRAVITY 3.95000 LTE 
TITLE  [-0.5] VTURB=2 L/H=1.25  NOVER new odf                                   
FLUX    1      9.09        3.298047E+16   1.0000E-50   0.0000E+00   1.00000
FLUX    2      9.35        3.206337E+16   1.0000E-50   0.0000E+00   1.00000
FLUX    3      9.61        3.119589E+16   1.0000E-50   0.0000E+00   1.00000
FLUX    4      9.77        3.068501E+16   1.0000E-50   0.0000E+00   1.00000
FLUX    5      9.96        3.009965E+16   1.0000E-50   0.0000E+00   1.00000
FLUX    6     10.20        2.939142E+16   1.0000E-50   0.0000E+00   1.00000
FLUX    7     10.38        2.888174E+16   1.0000E-50   0.0000E+00   1.00000
FLUX    8     10.56        2.838944E+16   1.0000E-50   0.0000E+00   1.00000
FLUX    9     10.77        2.783589E+16   1.0000E-50   0.0000E+00   1.00000
FLUX   10     11.04        2.715512E+16   1.0000E-50   0.0000E+00   1.00000
FLUX   11     11.40        2.629759E+16   1.0000E-50   0.0000E+00   1.00000
FLUX   12     11.78        2.544928E+16   1.0000E-50   0.0000E+00   1.00000
FLUX   13     12.13        2.471496E+16   1.0000E-50   0.0000E+00   1.00000
FLUX   14     12.48        2.402183E+16   1.0000E-50   0.0000E+00   1.00000
FLUX   15     12.71        2.358714E+16   1.0000E-50   0.0000E+00   1.00000
FLUX   16     12.84        2.334833E+16   1.0000E-50   0.0000E+00   1.00000
FLUX   17     13.05        2.297261E+16   1.0000E-50   0.0000E+00   1.00000
FLUX   18     13.24        2.264294E+16   1.0000E-50   0.0000E+00   1.00000
FLUX   19     13.39        2.238928E+16   1.0000E-50   0.0000E+00   1.00000
FLUX   20     13.66        2.194674E+16   1.0000E-50   0.0000E+00   1.00000
FLUX   21     13.98        2.144438E+16   1.0000E-50   0.0000E+00   1.00000
FLUX   22     14.33        2.092062E+16   1.0000E-50   0.0000E+00   1.00000
FLUX   23     14.72        2.036634E+16   1.0000E-50   0.0000E+00   1.00000
FLUX   24     15.10        1.985381E+16   1.0000E-50   0.0000E+00   1.00000
FLUX   25     15.52        1.931653E+16   1.0000E-50   0.0000E+00   1.00000
FLUX   26     15.88        1.887862E+16   1.0000E-50   0.0000E+00   1.00000
FLUX   27     16.20        1.850571E+16   1.0000E-50   0.0000E+00   1.00000
FLUX   28     16.60        1.805979E+16   1.0000E-50   0.0000E+00   1.00000
FLUX   29     17.03        1.760379E+16   1.0000E-50   0.0000E+00   1.00000
FLUX   30     17.34        1.728907E+16   1.0000E-50   0.0000E+00   1.00000
FLUX   31     17.68        1.695659E+16   1.0000E-50   0.0000E+00   1.00000
FLUX   32     18.02        1.663665E+16   1.0000E-50   0.0000E+00   1.00000
FLUX   33     18.17        1.649931E+16   1.0000E-50   0.0000E+00   1.00000
FLUX   34     18.61        1.610922E+16   1.0000E-50   0.0000E+00   1.00000
FLUX   35     19.10        1.569594E+16   1.0000E-50   0.0000E+00   1.00000
FLUX   36     19.39        1.546119E+16   1.0000E-50   0.0000E+00   1.00000
FLUX   37     19.84        1.511051E+16   1.0000E-50   0.0000E+00   1.00000
FLUX   38     20.18        1.485592E+16   1.0000E-50   0.0000E+00   1.00000
FLUX   39     20.50        1.462402E+16   1.0000E-50   0.0000E+00   1.00000
FLUX   40     21.05        1.424192E+16   1.0000E-50   0.0000E+00   1.00000
FLUX   41     21.62        1.386644E+16   1.0000E-50   0.0000E+00   1.00000
FLUX   42     21.98        1.363933E+16   1.0000E-50   0.0000E+00   1.00000
FLUX   43     22.30        1.344361E+16   1.0000E-50   0.0000E+00   1.00000
FLUX   44     22.68        1.321836E+16   1.0000E-50   0.0000E+00   1.00000
FLUX   45     23.00        1.303446E+16   1.0000E-50   0.0000E+00   1.00000
FLUX   46     23.40        1.281165E+16   1.0000E-50   0.0000E+00   1.00000
FLUX   47     24.00        1.249135E+16   1.0000E-50   0.0000E+00   1.00000
FLUX   48     24.65        1.216197E+16   1.0000E-50   0.0000E+00   1.00000
FLUX   49     25.24        1.187767E+16   1.0000E-50   0.0000E+00   1.00000
FLUX   50     25.68        1.167416E+16   1.0000E-50   0.0000E+00   1.00000
FLUX   51     26.00        1.153048E+16   1.0000E-50   0.0000E+00   1.00000
FLUX   52     26.40        1.135578E+16   1.0000E-50   0.0000E+00   1.00000
FLUX   53     26.85        1.116546E+16   1.0000E-50   0.0000E+00   1.00000
FLUX   54     27.35        1.096133E+16   1.0000E-50   0.0000E+00   1.00000
FLUX   55     27.85        1.076454E+16   3.5605E-38   3.5606E-38   0.99998
FLUX   56     28.40        1.055607E+16   2.8223E-37   2.8224E-37   0.99998
FLUX   57     29.00        1.033767E+16   1.5156E-36   1.5156E-36   0.99998
FLUX   58     29.60        1.012813E+16   7.4410E-36   7.4411E-36   0.99999
FLUX   59     30.10        9.959884E+15   2.6749E-35   2.6751E-35   0.99993
FLUX   60     30.80        9.733523E+15   1.4971E-34   1.4971E-34   0.99999
FLUX   61     31.80        9.427437E+15   1.5418E-33   1.5418E-33   0.99999
FLUX   62     32.80        9.140015E+15   1.3823E-32   1.3823E-32   0.99999
FLUX   63     33.80        8.869601E+15   1.0913E-31   1.0913E-31   0.99999
FLUX   64     34.80        8.614727E+15   7.6772E-31   7.6772E-31   0.99999
FLUX   65     35.70        8.397549E+15   4.0483E-30   4.0483E-30   0.99998
FLUX   66     36.60        8.191052E+15   1.9696E-29   1.9696E-29   0.99999
FLUX   67     37.50        7.994467E+15   8.8857E-29   8.8862E-29   0.99994
FLUX   68     38.50        7.786818E+15   4.3665E-28   4.3666E-28   0.99999
FLUX   69     39.50        7.589684E+15   1.9781E-27   1.9782E-27   0.99995
FLUX   70     40.50        7.402284E+15   8.3222E-27   8.3222E-27   0.99999
FLUX   71     41.40        7.241365E+15   2.8592E-26   2.8592E-26   0.99999
FLUX   72     42.20        7.104088E+15   8.1896E-26   8.1897E-26   0.99999
FLUX   73     43.00        6.971919E+15   2.2538E-25   2.2543E-25   0.99980
FLUX   74     44.10        6.798016E+15   8.5301E-25   8.5302E-25   0.99999
FLUX   75     45.10        6.647284E+15   2.7065E-24   2.7065E-24   0.99999
FLUX   76     46.00        6.517228E+15   7.3257E-24   7.3257E-24   1.00000
FLUX   77     47.00        6.378564E+15   2.1165E-23   2.1165E-23   0.99998
FLUX   78     48.00        6.245677E+15   5.8392E-23   5.8392E-23   0.99999
FLUX   79     49.00        6.118214E+15   1.5457E-22   1.5458E-22   1.00000
FLUX   80     50.00        5.995850E+15   3.9353E-22   3.9353E-22   1.00000
FLUX   81     50.60        5.924753E+15   7.3167E-22   7.5904E-22   0.96394
FLUX   82     51.20        5.855322E+15   1.2778E-21   1.2814E-21   0.99715
FLUX   83     52.00        5.765240E+15   2.5202E-21   2.5267E-21   0.99743
FLUX   84     53.00        5.656462E+15   5.7343E-21   5.7353E-21   0.99982
FLUX   85     54.00        5.551713E+15   1.2605E-20   1.2631E-20   0.99797
FLUX   86     55.00        5.450773E+15   2.7023E-20   2.7026E-20   0.99992
FLUX   87     56.00        5.353438E+15   5.6254E-20   5.6255E-20   0.99998
FLUX   88     57.00        5.259518E+15   1.1399E-19   1.1399E-19   1.00000
FLUX   89     58.00        5.168836E+15   2.2494E-19   2.2533E-19   0.99828
FLUX   90     59.00        5.081229E+15   4.3550E-19   4.3552E-19   0.99995
FLUX   91     60.00        4.996542E+15   8.2306E-19   8.2311E-19   0.99995
FLUX   92     61.00        4.914631E+15   1.5224E-18   1.5224E-18   1.00000
FLUX   93     62.00        4.835363E+15   2.7575E-18   2.7575E-18   0.99999
FLUX   94     63.00        4.758611E+15   4.9005E-18   4.9005E-18   1.00000
FLUX   95     64.00        4.684258E+15   8.5556E-18   8.5561E-18   0.99995
FLUX   96     65.00        4.612192E+15   1.4676E-17   1.4676E-17   1.00000
FLUX   97     65.80        4.556117E+15   2.2319E-17   2.2319E-17   1.00000
FLUX   98     66.50        4.508158E+15   3.1933E-17   3.1934E-17   0.99997
FLUX   99     67.50        4.441370E+15   5.2568E-17   5.2569E-17   0.99997
FLUX  100     68.50        4.376533E+15   8.5271E-17   8.5272E-17   0.99998
FLUX  101     69.50        4.313561E+15   1.3638E-16   1.3638E-16   1.00000
FLUX  102     70.50        4.252376E+15   2.1509E-16   2.1511E-16   0.99991
FLUX  103     71.60        4.187046E+15   3.4963E-16   3.4963E-16   1.00000
FLUX  104     72.60        4.129373E+15   5.3658E-16   5.3658E-16   1.00000
FLUX  105     73.50        4.078810E+15   7.8106E-16   7.8106E-16   1.00000
FLUX  106     74.50        4.024060E+15   1.1725E-15   1.1725E-15   0.99999
FLUX  107     75.50        3.970762E+15   1.7401E-15   1.7401E-15   0.99999
FLUX  108     76.50        3.918856E+15   2.5548E-15   2.5549E-15   0.99998
FLUX  109     77.50        3.868290E+15   3.7124E-15   3.7125E-15   0.99999
FLUX  110     78.50        3.819013E+15   5.3417E-15   5.3417E-15   1.00000
FLUX  111     79.50        3.770975E+15   7.6130E-15   7.6141E-15   0.99985
FLUX  112     80.50        3.724130E+15   1.0752E-14   1.0752E-14   0.99997
FLUX  113     81.50        3.678436E+15   1.5049E-14   1.5049E-14   0.99999
FLUX  114     82.50        3.633848E+15   2.0885E-14   2.0885E-14   1.00000
FLUX  115     83.50        3.590329E+15   2.8747E-14   2.8748E-14   0.99997
FLUX  116     84.50        3.547840E+15   3.9259E-14   3.9259E-14   1.00000
FLUX  117     85.50        3.506345E+15   5.3204E-14   5.3204E-14   1.00000
FLUX  118     86.50        3.465809E+15   7.1571E-14   7.1571E-14   1.00000
FLUX  119     87.50        3.426200E+15   9.5590E-14   9.5592E-14   0.99998
FLUX  120     88.50        3.387486E+15   1.2679E-13   1.2679E-13   1.00000
FLUX  121     89.50        3.349637E+15   1.6708E-13   1.6708E-13   1.00000
FLUX  122     90.50        3.312624E+15   2.1874E-13   2.1875E-13   0.99995
FLUX  123     91.50        3.276421E+15   1.3703E-11   4.6213E-11   0.29651
FLUX  124     92.50        3.241000E+15   2.1387E-11   5.7355E-11   0.37289
FLUX  125     93.50        3.206337E+15   3.3159E-11   7.0015E-11   0.47359
FLUX  126     94.50        3.172407E+15   5.4476E-11   8.4689E-11   0.64325
FLUX  127     95.50        3.139188E+15   7.8372E-11   1.0213E-10   0.76741
FLUX  128     96.50        3.106658E+15   1.0415E-10   1.2123E-10   0.85905
FLUX  129     97.50        3.074795E+15   9.2679E-11   1.3912E-10   0.66620
FLUX  130     98.50        3.043579E+15   1.5285E-10   1.7186E-10   0.88937
FLUX  131     99.50        3.012990E+15   1.7321E-10   2.0221E-10   0.85659
FLUX  132    100.50        2.983010E+15   2.1957E-10   2.3634E-10   0.92902
FLUX  133    101.50        2.953621E+15   2.5079E-10   2.7205E-10   0.92186
FLUX  134    102.50        2.924805E+15   1.9909E-10   3.2741E-10   0.60810
FLUX  135    103.50        2.896546E+15   3.3900E-10   3.7891E-10   0.89468
FLUX  136    104.50        2.868828E+15   4.2209E-10   4.4345E-10   0.95182
FLUX  137    105.50        2.841635E+15   4.9495E-10   5.1614E-10   0.95894
FLUX  138    106.50        2.814953E+15   5.5885E-10   6.0041E-10   0.93078
FLUX  139    107.50        2.788767E+15   6.6799E-10   6.9812E-10   0.95684
FLUX  140    108.50        2.763065E+15   7.7037E-10   8.1000E-10   0.95107
FLUX  141    109.50        2.737831E+15   8.6087E-10   9.3626E-10   0.91948
FLUX  142    110.50        2.713054E+15   1.4384E-09   1.6642E-07   0.00864
FLUX  143    111.50        2.688722E+15   4.0265E-08   2.4938E-07   0.16146
FLUX  144    112.50        2.664822E+15   7.3234E-08   3.2160E-07   0.22772
FLUX  145    113.50        2.641344E+15   1.0628E-07   4.3232E-07   0.24584
FLUX  146    114.50        2.618275E+15   9.3756E-08   4.6287E-07   0.20255
FLUX  147    115.50        2.595606E+15   9.0049E-08   4.4720E-07   0.20136
FLUX  148    116.50        2.573326E+15   6.8206E-08   3.7904E-07   0.17994
FLUX  149    117.50        2.551426E+15   2.9237E-08   2.6550E-07   0.11012
FLUX  150    118.50        2.529895E+15   2.0919E-08   8.6226E-07   0.02426
FLUX  151    119.50        2.508724E+15   3.4943E-09   8.8218E-07   0.00396
FLUX  152    120.50        2.487905E+15   2.8389E-09   8.9428E-07   0.00317
FLUX  153    121.50        2.467428E+15   7.7639E-10   9.0040E-07   0.00086
FLUX  154    122.50        2.447286E+15   3.1435E-09   1.0538E-06   0.00298
FLUX  155    123.50        2.427470E+15   6.5364E-09   1.0526E-06   0.00621
FLUX  156    124.50        2.407972E+15   1.3181E-08   1.0472E-06   0.01259
FLUX  157    125.50        2.388785E+15   1.2946E-07   2.1743E-06   0.05954
FLUX  158    126.50        2.369901E+15   3.1400E-07   3.1629E-06   0.09928
FLUX  159    127.50        2.351314E+15   8.6995E-07   3.8592E-06   0.22542
FLUX  160    128.50        2.333016E+15   1.6319E-06   4.5083E-06   0.36197
FLUX  161    129.50        2.315000E+15   1.9440E-06   4.9316E-06   0.39418
FLUX  162    130.50        2.297261E+15   1.3250E-06   5.3204E-06   0.24904
FLUX  163    131.50        2.279791E+15   2.4955E-06   5.6029E-06   0.44540
FLUX  164    132.50        2.262585E+15   3.0308E-06   5.8507E-06   0.51802
FLUX  165    133.50        2.245637E+15   3.0582E-06   6.0448E-06   0.50591
FLUX  166    134.50        2.228941E+15   3.8913E-06   6.2134E-06   0.62627
FLUX  167    135.50        2.212491E+15   3.6776E-06   6.3516E-06   0.57900
FLUX  168    136.50        2.196282E+15   3.4323E-06   6.4733E-06   0.53022
FLUX  169    137.50        2.180309E+15   3.7053E-06   6.5753E-06   0.56353
FLUX  170    138.50        2.164567E+15   3.4776E-06   6.6668E-06   0.52163
FLUX  171    139.50        2.149050E+15   3.6561E-06   6.7443E-06   0.54211
FLUX  172    140.50        2.133754E+15   4.2768E-06   6.8219E-06   0.62692
FLUX  173    141.50        2.118675E+15   4.4466E-06   6.8949E-06   0.64491
FLUX  174    142.50        2.103807E+15   4.9774E-06   6.9903E-06   0.71204
FLUX  175    143.50        2.089146E+15   4.5584E-06   7.0525E-06   0.64635
FLUX  176    144.20        2.079005E+15   5.2305E-06   7.0948E-06   0.73723
FLUX  177    144.70        2.071821E+15   5.6405E-06   7.5504E-06   0.74705
FLUX  178    145.50        2.060430E+15   5.8322E-06   7.5973E-06   0.76767
FLUX  179    146.50        2.046365E+15   5.4087E-06   7.6544E-06   0.70662
FLUX  180    147.50        2.032492E+15   5.3395E-06   7.7082E-06   0.69271
FLUX  181    148.50        2.018805E+15   5.6508E-06   7.7587E-06   0.72832
FLUX  182    149.50        2.005301E+15   6.1705E-06   7.8079E-06   0.79030
FLUX  183    150.50        1.991977E+15   6.3943E-06   7.8534E-06   0.81421
FLUX  184    151.20        1.982755E+15   5.9538E-06   7.8846E-06   0.75512
FLUX  185    151.70        1.976220E+15   6.1230E-06   7.9066E-06   0.77441
FLUX  186    152.50        1.965852E+15   5.7566E-06   8.5736E-06   0.67144
FLUX  187    153.50        1.953046E+15   5.6371E-06   8.6117E-06   0.65459
FLUX  188    154.50        1.940405E+15   6.3063E-06   8.6487E-06   0.72916
FLUX  189    155.50        1.927926E+15   5.4513E-06   8.6836E-06   0.62777
FLUX  190    156.50        1.915607E+15   4.7826E-06   8.7178E-06   0.54861
FLUX  191    157.50        1.903444E+15   5.8554E-06   8.7614E-06   0.66832
FLUX  192    158.50        1.891435E+15   6.5177E-06   8.7932E-06   0.74122
FLUX  193    159.50        1.879577E+15   7.0327E-06   8.8252E-06   0.79689
FLUX  194    160.50        1.867866E+15   6.7442E-06   8.8562E-06   0.76152
FLUX  195    161.50        1.856300E+15   6.7888E-06   8.8865E-06   0.76395
FLUX  196    162.50        1.844877E+15   6.1952E-06   8.9209E-06   0.69446
FLUX  197    163.50        1.833593E+15   6.5678E-06   8.9501E-06   0.73383
FLUX  198    164.50        1.822447E+15   7.2306E-06   8.9788E-06   0.80530
FLUX  199    165.50        1.811435E+15   5.8858E-06   9.0073E-06   0.65344
FLUX  200    166.50        1.800556E+15   7.3177E-06   9.0350E-06   0.80993
FLUX  201    167.20        1.793017E+15   5.5350E-06   9.0541E-06   0.61132
FLUX  202    167.70        1.787671E+15   6.9763E-06   9.2212E-06   0.75655
FLUX  203    168.50        1.779184E+15   7.7303E-06   9.2442E-06   0.83623
FLUX  204    169.50        1.768687E+15   7.1119E-06   9.2722E-06   0.76701
FLUX  205    170.50        1.758314E+15   7.0103E-06   9.3003E-06   0.75377
FLUX  206    171.50        1.748061E+15   7.2489E-06   9.3326E-06   0.77673
FLUX  207    172.50        1.737928E+15   7.2134E-06   9.3607E-06   0.77061
FLUX  208    173.50        1.727911E+15   7.6847E-06   9.3884E-06   0.81853
FLUX  209    174.50        1.718009E+15   7.5215E-06   9.4163E-06   0.79878
FLUX  210    175.50        1.708219E+15   8.2310E-06   9.4438E-06   0.87157
FLUX  211    176.50        1.698541E+15   7.1830E-06   9.4711E-06   0.75842
FLUX  212    177.50        1.688972E+15   8.0895E-06   9.4982E-06   0.85168
FLUX  213    178.50        1.679510E+15   8.0784E-06   9.5253E-06   0.84810
FLUX  214    179.50        1.670153E+15   8.7903E-06   9.5525E-06   0.92021
FLUX  215    180.50        1.660900E+15   8.4268E-06   9.5799E-06   0.87964
FLUX  216    181.50        1.651749E+15   8.4609E-06   9.6074E-06   0.88067
FLUX  217    182.50        1.642699E+15   8.1745E-06   9.6352E-06   0.84840
FLUX  218    183.50        1.633747E+15   8.0982E-06   9.6643E-06   0.83795
FLUX  219    184.50        1.624892E+15   7.5937E-06   9.6936E-06   0.78338
FLUX  220    185.50        1.616132E+15   8.0242E-06   9.7233E-06   0.82525
FLUX  221    186.50        1.607466E+15   8.1609E-06   9.7530E-06   0.83675
FLUX  222    187.50        1.598893E+15   8.5317E-06   9.7837E-06   0.87203
FLUX  223    188.50        1.590411E+15   8.5830E-06   9.8135E-06   0.87461
FLUX  224    189.50        1.582018E+15   8.5874E-06   9.8435E-06   0.87239
FLUX  225    190.50        1.573714E+15   8.2513E-06   9.8737E-06   0.83568
FLUX  226    191.50        1.565496E+15   8.6600E-06   9.9047E-06   0.87433
FLUX  227    192.50        1.557364E+15   8.8214E-06   9.9352E-06   0.88790
FLUX  228    193.50        1.549315E+15   8.5908E-06   9.9658E-06   0.86203
FLUX  229    194.50        1.541350E+15   9.1995E-06   9.9966E-06   0.92027
FLUX  230    195.50        1.533465E+15   9.1630E-06   1.0027E-05   0.91380
FLUX  231    196.70        1.524110E+15   9.4412E-06   1.0065E-05   0.93802
FLUX  232    197.60        1.517169E+15   9.3012E-06   1.0094E-05   0.92150
FLUX  233    198.40        1.511051E+15   9.1787E-06   1.0125E-05   0.90655
FLUX  234    199.50        1.502719E+15   9.0479E-06   1.0160E-05   0.89053
FLUX  235    200.50        1.495224E+15   8.9677E-06   1.0192E-05   0.87984
FLUX  236    201.50        1.487804E+15   8.7524E-06   1.0225E-05   0.85598
FLUX  237    202.50        1.480457E+15   8.7489E-06   1.0258E-05   0.85290
FLUX  238    203.50        1.473182E+15   9.1155E-06   1.0291E-05   0.88579
FLUX  239    204.50        1.465978E+15   9.4503E-06   1.0324E-05   0.91536
FLUX  240    205.50        1.458844E+15   9.1385E-06   1.0358E-05   0.88230
FLUX  241    206.50        1.451780E+15   9.0987E-06   1.0391E-05   0.87563
FLUX  242    207.40        1.445480E+15   9.5527E-06   1.0421E-05   0.91663
FLUX  243    207.80        1.442697E+15   9.7970E-06   1.0456E-05   0.93698
FLUX  244    208.50        1.437854E+15   9.7509E-06   1.0480E-05   0.93041
FLUX  245    209.50        1.430990E+15   9.5102E-06   1.0515E-05   0.90442
FLUX  246    210.50        1.424192E+15   9.4023E-06   1.0551E-05   0.89117
FLUX  247    211.50        1.417459E+15   9.4867E-06   1.0586E-05   0.89615
FLUX  248    212.50        1.410788E+15   9.6467E-06   1.0622E-05   0.90819
FLUX  249    213.50        1.404180E+15   8.5194E-06   1.0658E-05   0.79935
FLUX  250    214.50        1.397634E+15   9.4670E-06   1.0694E-05   0.88525
FLUX  251    215.50        1.391148E+15   9.5744E-06   1.0731E-05   0.89223
FLUX  252    216.50        1.384723E+15   9.2323E-06   1.0768E-05   0.85742
FLUX  253    217.50        1.378356E+15   9.1935E-06   1.0805E-05   0.85089
FLUX  254    218.50        1.372048E+15   9.3161E-06   1.0842E-05   0.85927
FLUX  255    219.50        1.365797E+15   9.8816E-06   1.0879E-05   0.90828
FLUX  256    220.50        1.359603E+15   9.5869E-06   1.0917E-05   0.87813
FLUX  257    221.50        1.353465E+15   8.9443E-06   1.0956E-05   0.81641
FLUX  258    222.50        1.347382E+15   8.9582E-06   1.0994E-05   0.81481
FLUX  259    223.50        1.341353E+15   9.9044E-06   1.1033E-05   0.89771
FLUX  260    224.50        1.335379E+15   9.1083E-06   1.1072E-05   0.82264
FLUX  261    225.50        1.329457E+15   9.0255E-06   1.1112E-05   0.81223
FLUX  262    226.50        1.323587E+15   9.0873E-06   1.1151E-05   0.81489
FLUX  263    227.50        1.317769E+15   9.7068E-06   1.1191E-05   0.86736
FLUX  264    228.50        1.312002E+15   1.0035E-05   1.1231E-05   0.89351
FLUX  265    229.50        1.306285E+15   9.5119E-06   1.1271E-05   0.84390
FLUX  266    230.50        1.300618E+15   9.5152E-06   1.1312E-05   0.84118
FLUX  267    231.50        1.295000E+15   9.3739E-06   1.1352E-05   0.82572
FLUX  268    232.50        1.289430E+15   9.4489E-06   1.1393E-05   0.82933
FLUX  269    233.50        1.283908E+15   9.1946E-06   1.1435E-05   0.80410
FLUX  270    234.50        1.278433E+15   8.5644E-06   1.1476E-05   0.74629
FLUX  271    235.50        1.273004E+15   9.6121E-06   1.1518E-05   0.83455
FLUX  272    236.50        1.267622E+15   8.7925E-06   1.1560E-05   0.76062
FLUX  273    237.50        1.262284E+15   9.3512E-06   1.1602E-05   0.80602
FLUX  274    238.50        1.256992E+15   8.3815E-06   1.1644E-05   0.71981
FLUX  275    239.50        1.251743E+15   9.1585E-06   1.1687E-05   0.78367
FLUX  276    240.50        1.246538E+15   8.8549E-06   1.1729E-05   0.75493
FLUX  277    241.50        1.241377E+15   9.1083E-06   1.1772E-05   0.77370
FLUX  278    242.50        1.236258E+15   9.6405E-06   1.1816E-05   0.81592
FLUX  279    243.50        1.231181E+15   9.2998E-06   1.1859E-05   0.78421
FLUX  280    244.50        1.226145E+15   9.9248E-06   1.1903E-05   0.83383
FLUX  281    245.50        1.221151E+15   9.6536E-06   1.1947E-05   0.80807
FLUX  282    246.50        1.216197E+15   9.6736E-06   1.1990E-05   0.80677
FLUX  283    247.50        1.211283E+15   9.3798E-06   1.2035E-05   0.77940
FLUX  284    248.50        1.206408E+15   9.9059E-06   1.2079E-05   0.82010
FLUX  285    249.50        1.201573E+15   9.6723E-06   1.2123E-05   0.79782
FLUX  286    250.50        1.196776E+15   1.0567E-05   1.2168E-05   0.86840
FLUX  287    251.30        1.192967E+15   9.7905E-06   1.2204E-05   0.80223
FLUX  288    251.80        1.190598E+15   9.9200E-06   1.2235E-05   0.81077
FLUX  289    252.50        1.187297E+15   9.3856E-06   1.2267E-05   0.76512
FLUX  290    253.50        1.182613E+15   9.3157E-06   1.2313E-05   0.75657
FLUX  291    254.50        1.177967E+15   9.4197E-06   1.2359E-05   0.76215
FLUX  292    255.50        1.173356E+15   1.0033E-05   1.2406E-05   0.80873
FLUX  293    256.50        1.168782E+15   1.0087E-05   1.2453E-05   0.81000
FLUX  294    257.50        1.164243E+15   1.0734E-05   1.2499E-05   0.85876
FLUX  295    258.50        1.159739E+15   1.0829E-05   1.2546E-05   0.86311
FLUX  296    259.50        1.155270E+15   1.0796E-05   1.2593E-05   0.85731
FLUX  297    260.50        1.150835E+15   1.0447E-05   1.2641E-05   0.82646
FLUX  298    261.50        1.146434E+15   1.0451E-05   1.2688E-05   0.82366
FLUX  299    262.50        1.142067E+15   1.0962E-05   1.2735E-05   0.86077
FLUX  300    263.50        1.137732E+15   1.1085E-05   1.2783E-05   0.86716
FLUX  301    264.50        1.133431E+15   1.2092E-05   1.2831E-05   0.94242
FLUX  302    265.50        1.129162E+15   1.2032E-05   1.2878E-05   0.93425
FLUX  303    266.50        1.124925E+15   1.1382E-05   1.2926E-05   0.88052
FLUX  304    267.50        1.120720E+15   1.1807E-05   1.2974E-05   0.91004
FLUX  305    268.50        1.116546E+15   1.1913E-05   1.3022E-05   0.91481
FLUX  306    269.50        1.112403E+15   1.1516E-05   1.3070E-05   0.88106
FLUX  307    270.50        1.108290E+15   1.1766E-05   1.3118E-05   0.89690
FLUX  308    271.50        1.104208E+15   1.1381E-05   1.3167E-05   0.86437
FLUX  309    272.50        1.100156E+15   1.1515E-05   1.3215E-05   0.87136
FLUX  310    273.50        1.096133E+15   1.2279E-05   1.3263E-05   0.92581
FLUX  311    274.50        1.092140E+15   1.0926E-05   1.3312E-05   0.82077
FLUX  312    275.50        1.088176E+15   1.1095E-05   1.3360E-05   0.83045
FLUX  313    276.50        1.084241E+15   1.1534E-05   1.3408E-05   0.86019
FLUX  314    277.50        1.080333E+15   1.2198E-05   1.3457E-05   0.90643
FLUX  315    278.50        1.076454E+15   1.2072E-05   1.3506E-05   0.89387
FLUX  316    279.50        1.072603E+15   9.9785E-06   1.3554E-05   0.73618
FLUX  317    280.50        1.068779E+15   1.0994E-05   1.3603E-05   0.80821
FLUX  318    281.50        1.064982E+15   1.2741E-05   1.3652E-05   0.93329
FLUX  319    282.50        1.061212E+15   1.2843E-05   1.3701E-05   0.93738
FLUX  320    283.50        1.057469E+15   1.2528E-05   1.3749E-05   0.91117
FLUX  321    284.50        1.053752E+15   1.2237E-05   1.3798E-05   0.88687
FLUX  322    285.50        1.050061E+15   1.2021E-05   1.3847E-05   0.86809
FLUX  323    286.50        1.046396E+15   1.2656E-05   1.3896E-05   0.91073
FLUX  324    287.50        1.042757E+15   1.2465E-05   1.3945E-05   0.89385
FLUX  325    288.50        1.039142E+15   1.2802E-05   1.3994E-05   0.91483
FLUX  326    289.50        1.035553E+15   1.2557E-05   1.4042E-05   0.89423
FLUX  327    291.00        1.030215E+15   1.3574E-05   1.4116E-05   0.96159
FLUX  328    293.00        1.023183E+15   1.3277E-05   1.4213E-05   0.93410
FLUX  329    295.00        1.016246E+15   1.3405E-05   1.4311E-05   0.93669
FLUX  330    297.00        1.009402E+15   1.3653E-05   1.4408E-05   0.94760
FLUX  331    299.00        1.002651E+15   1.3846E-05   1.4506E-05   0.95450
FLUX  332    301.00        9.959884E+14   1.4164E-05   1.4603E-05   0.96994
FLUX  333    303.00        9.894142E+14   1.4227E-05   1.4700E-05   0.96785
FLUX  334    305.00        9.829262E+14   1.4277E-05   1.4797E-05   0.96485
FLUX  335    307.00        9.765228E+14   1.4294E-05   1.4893E-05   0.95973
FLUX  336    309.00        9.702023E+14   1.4569E-05   1.4990E-05   0.97194
FLUX  337    311.00        9.639630E+14   1.4498E-05   1.5086E-05   0.96108
FLUX  338    313.00        9.578035E+14   1.4586E-05   1.5181E-05   0.96082
FLUX  339    315.00        9.517222E+14   1.4851E-05   1.5277E-05   0.97211
FLUX  340    317.00        9.457177E+14   1.4926E-05   1.5373E-05   0.97094
FLUX  341    319.00        9.397884E+14   1.4667E-05   1.5468E-05   0.94817
FLUX  342    321.00        9.339330E+14   1.5030E-05   1.5563E-05   0.96573
FLUX  343    323.00        9.281502E+14   1.4947E-05   1.5658E-05   0.95459
FLUX  344    325.00        9.224385E+14   1.5210E-05   1.5752E-05   0.96558
FLUX  345    327.00        9.167966E+14   1.5417E-05   1.5846E-05   0.97296
FLUX  346    329.00        9.112234E+14   1.5639E-05   1.5939E-05   0.98119
FLUX  347    331.00        9.057175E+14   1.5812E-05   1.6031E-05   0.98634
FLUX  348    333.00        9.002778E+14   1.5719E-05   1.6123E-05   0.97494
FLUX  349    335.00        8.949030E+14   1.5663E-05   1.6215E-05   0.96595
FLUX  350    337.00        8.895920E+14   1.5846E-05   1.6306E-05   0.97177
FLUX  351    339.00        8.843437E+14   1.5885E-05   1.6396E-05   0.96882
FLUX  352    341.00        8.791569E+14   1.6217E-05   1.6486E-05   0.98367
FLUX  353    343.00        8.740306E+14   1.6325E-05   1.6576E-05   0.98486
FLUX  354    345.00        8.689638E+14   1.6403E-05   1.6664E-05   0.98433
FLUX  355    347.00        8.639553E+14   1.6418E-05   1.6752E-05   0.98003
FLUX  356    349.00        8.590043E+14   1.6527E-05   1.6840E-05   0.98141
FLUX  357    351.00        8.541097E+14   1.6749E-05   1.6926E-05   0.98954
FLUX  358    353.00        8.492705E+14   1.6904E-05   1.7012E-05   0.99365
FLUX  359    355.00        8.444859E+14   1.7029E-05   1.7098E-05   0.99599
FLUX  360    357.00        8.397549E+14   1.6975E-05   1.7182E-05   0.98793
FLUX  361    359.00        8.350766E+14   1.7072E-05   1.7266E-05   0.98871
FLUX  362    361.00        8.304501E+14   1.7172E-05   1.7350E-05   0.98973
FLUX  363    363.00        8.258747E+14   1.7278E-05   1.7432E-05   0.99114
FLUX  364    364.00        8.236058E+14   1.7298E-05   1.7474E-05   0.98992
FLUX  365    365.00        8.213493E+14   1.7560E-05   6.5943E-05   0.26629
FLUX  366    367.00        8.168733E+14   1.7665E-05   6.5654E-05   0.26906
FLUX  367    369.00        8.124458E+14   1.7201E-05   6.5382E-05   0.26309
FLUX  368    371.00        8.080660E+14   1.7933E-05   6.5097E-05   0.27548
FLUX  369    373.00        8.037332E+14   1.8754E-05   6.4813E-05   0.28935
FLUX  370    375.00        7.994467E+14   2.4300E-05   6.4531E-05   0.37657
FLUX  371    377.00        7.952056E+14   2.6569E-05   6.4251E-05   0.41351
FLUX  372    379.00        7.910092E+14   3.3725E-05   6.3971E-05   0.52720
FLUX  373    381.00        7.868570E+14   4.0389E-05   6.3692E-05   0.63413
FLUX  374    383.00        7.827480E+14   3.1962E-05   6.3415E-05   0.50402
FLUX  375    385.00        7.786818E+14   4.5782E-05   6.3140E-05   0.72510
FLUX  376    387.00        7.746576E+14   5.2764E-05   6.2865E-05   0.83932
FLUX  377    389.00        7.706748E+14   2.8311E-05   6.2592E-05   0.45230
FLUX  378    391.00        7.667327E+14   5.3370E-05   6.2321E-05   0.85638
FLUX  379    393.00        7.628308E+14   5.6173E-05   6.2052E-05   0.90527
FLUX  380    395.00        7.589684E+14   5.4230E-05   6.1784E-05   0.87774
FLUX  381    397.00        7.551448E+14   2.8136E-05   6.1517E-05   0.45737
FLUX  382    399.00        7.513596E+14   5.2548E-05   6.1253E-05   0.85789
FLUX  383    401.00        7.476122E+14   5.8814E-05   6.0989E-05   0.96433
FLUX  384    403.00        7.439020E+14   5.9131E-05   6.0728E-05   0.97371
FLUX  385    405.00        7.402284E+14   5.8952E-05   6.0468E-05   0.97492
FLUX  386    407.00        7.365909E+14   5.6783E-05   6.0210E-05   0.94308
FLUX  387    409.00        7.329890E+14   4.3730E-05   5.9954E-05   0.72940
FLUX  388    411.00        7.294221E+14   3.3194E-05   5.9700E-05   0.55602
FLUX  389    413.00        7.258898E+14   5.5082E-05   5.9450E-05   0.92653
FLUX  390    415.00        7.223916E+14   5.7866E-05   5.9200E-05   0.97747
FLUX  391    417.00        7.189269E+14   5.7918E-05   5.8952E-05   0.98246
FLUX  392    419.00        7.154952E+14   5.7880E-05   5.8705E-05   0.98595
FLUX  393    421.00        7.120962E+14   5.7715E-05   5.8459E-05   0.98727
FLUX  394    423.00        7.087293E+14   5.7104E-05   5.8215E-05   0.98091
FLUX  395    425.00        7.053941E+14   5.6981E-05   5.7972E-05   0.98292
FLUX  396    427.00        7.020902E+14   5.6427E-05   5.7730E-05   0.97743
FLUX  397    429.00        6.988170E+14   5.6154E-05   5.7490E-05   0.97676
FLUX  398    431.00        6.955742E+14   5.3457E-05   5.7251E-05   0.93373
FLUX  399    433.00        6.923614E+14   3.9512E-05   5.7014E-05   0.69301
FLUX  400    435.00        6.891782E+14   3.3757E-05   5.6779E-05   0.59454
FLUX  401    437.00        6.860240E+14   5.2914E-05   5.6545E-05   0.93578
FLUX  402    439.00        6.828986E+14   5.4529E-05   5.6313E-05   0.96832
FLUX  403    441.00        6.798016E+14   5.4898E-05   5.6082E-05   0.97890
FLUX  404    443.00        6.767325E+14   5.4989E-05   5.5852E-05   0.98455
FLUX  405    445.00        6.736910E+14   5.5128E-05   5.5624E-05   0.99109
FLUX  406    447.00        6.706767E+14   5.4880E-05   5.5397E-05   0.99067
FLUX  407    449.00        6.676893E+14   5.4180E-05   5.5171E-05   0.98205
FLUX  408    451.00        6.647284E+14   5.4412E-05   5.4946E-05   0.99029
FLUX  409    453.00        6.617936E+14   5.4093E-05   5.4723E-05   0.98848
FLUX  410    455.00        6.588846E+14   5.3466E-05   5.4502E-05   0.98099
FLUX  411    457.00        6.560011E+14   5.3874E-05   5.4282E-05   0.99249
FLUX  412    459.00        6.531427E+14   5.3411E-05   5.4063E-05   0.98794
FLUX  413    461.00        6.503091E+14   5.3756E-05   5.3846E-05   0.99833
FLUX  414    463.00        6.475000E+14   5.3082E-05   5.3630E-05   0.98978
FLUX  415    465.00        6.447151E+14   5.3310E-05   5.3415E-05   0.99804
FLUX  416    467.00        6.419540E+14   5.3060E-05   5.3202E-05   0.99735
FLUX  417    469.00        6.392164E+14   5.2521E-05   5.2989E-05   0.99117
FLUX  418    471.00        6.365021E+14   5.1514E-05   5.2779E-05   0.97603
FLUX  419    473.00        6.338108E+14   5.2398E-05   5.2570E-05   0.99673
FLUX  420    475.00        6.311421E+14   5.2154E-05   5.2362E-05   0.99603
FLUX  421    477.00        6.284958E+14   5.1862E-05   5.2155E-05   0.99439
FLUX  422    479.00        6.258716E+14   5.1505E-05   5.1949E-05   0.99145
FLUX  423    481.00        6.232692E+14   5.0799E-05   5.1744E-05   0.98173
FLUX  424    483.00        6.206884E+14   4.8761E-05   5.1541E-05   0.94606
FLUX  425    485.00        6.181289E+14   3.7399E-05   5.1339E-05   0.72846
FLUX  426    487.00        6.155903E+14   3.0539E-05   5.1138E-05   0.59719
FLUX  427    489.00        6.130726E+14   4.6948E-05   5.0938E-05   0.92167
FLUX  428    491.00        6.105754E+14   4.9605E-05   5.0740E-05   0.97763
FLUX  429    493.00        6.080984E+14   4.9627E-05   5.0543E-05   0.98189
FLUX  430    495.00        6.056414E+14   4.9984E-05   5.0346E-05   0.99280
FLUX  431    497.00        6.032042E+14   4.9980E-05   5.0152E-05   0.99658
FLUX  432    499.00        6.007866E+14   4.9767E-05   4.9958E-05   0.99619
FLUX  433    501.00        5.983882E+14   4.9179E-05   4.9765E-05   0.98821
FLUX  434    503.00        5.960089E+14   4.9364E-05   4.9574E-05   0.99576
FLUX  435    505.00        5.936485E+14   4.8979E-05   4.9384E-05   0.99180
FLUX  436    507.00        5.913067E+14   4.9087E-05   4.9195E-05   0.99781
FLUX  437    509.00        5.889833E+14   4.8903E-05   4.9007E-05   0.99788
FLUX  438    511.00        5.866781E+14   4.8709E-05   4.8820E-05   0.99773
FLUX  439    513.00        5.843908E+14   4.8508E-05   4.8634E-05   0.99741
FLUX  440    515.00        5.821214E+14   4.8258E-05   4.8449E-05   0.99607
FLUX  441    517.00        5.798694E+14   4.7565E-05   4.8265E-05   0.98550
FLUX  442    519.00        5.776349E+14   4.7510E-05   4.8083E-05   0.98808
FLUX  443    521.00        5.754175E+14   4.7719E-05   4.7901E-05   0.99618
FLUX  444    523.00        5.732170E+14   4.7275E-05   4.7721E-05   0.99065
FLUX  445    525.00        5.710333E+14   4.7432E-05   4.7542E-05   0.99769
FLUX  446    527.00        5.688662E+14   4.6869E-05   4.7364E-05   0.98955
FLUX  447    529.00        5.667155E+14   4.7068E-05   4.7187E-05   0.99748
FLUX  448    531.00        5.645810E+14   4.6671E-05   4.7011E-05   0.99277
FLUX  449    533.00        5.624625E+14   4.6536E-05   4.6836E-05   0.99359
FLUX  450    535.00        5.603598E+14   4.6581E-05   4.6662E-05   0.99825
FLUX  451    537.00        5.582728E+14   4.6334E-05   4.6489E-05   0.99666
FLUX  452    539.00        5.562013E+14   4.6189E-05   4.6318E-05   0.99722
FLUX  453    541.00        5.541451E+14   4.5933E-05   4.6147E-05   0.99537
FLUX  454    543.00        5.521041E+14   4.5825E-05   4.5977E-05   0.99669
FLUX  455    545.00        5.500780E+14   4.5725E-05   4.5808E-05   0.99818
FLUX  456    547.00        5.480667E+14   4.5551E-05   4.5640E-05   0.99805
FLUX  457    549.00        5.460701E+14   4.5407E-05   4.5473E-05   0.99856
FLUX  458    551.00        5.440880E+14   4.5240E-05   4.5306E-05   0.99854
FLUX  459    553.00        5.421203E+14   4.5020E-05   4.5141E-05   0.99732
FLUX  460    555.00        5.401667E+14   4.4927E-05   4.4977E-05   0.99889
FLUX  461    557.00        5.382271E+14   4.4750E-05   4.4813E-05   0.99860
FLUX  462    559.00        5.363014E+14   4.4591E-05   4.4651E-05   0.99866
FLUX  463    561.00        5.343895E+14   4.4454E-05   4.4489E-05   0.99922
FLUX  464    563.00        5.324911E+14   4.4306E-05   4.4329E-05   0.99950
FLUX  465    565.00        5.306062E+14   4.4125E-05   4.4169E-05   0.99900
FLUX  466    567.00        5.287346E+14   4.3961E-05   4.4010E-05   0.99889
FLUX  467    569.00        5.268761E+14   4.3822E-05   4.3852E-05   0.99931
FLUX  468    571.00        5.250306E+14   4.3670E-05   4.3695E-05   0.99943
FLUX  469    573.00        5.231981E+14   4.3533E-05   4.3539E-05   0.99987
FLUX  470    575.00        5.213783E+14   4.3357E-05   4.3383E-05   0.99941
FLUX  471    577.00        5.195711E+14   4.3213E-05   4.3229E-05   0.99963
FLUX  472    579.00        5.177763E+14   4.3052E-05   4.3075E-05   0.99947
FLUX  473    581.00        5.159940E+14   4.2907E-05   4.2922E-05   0.99964
FLUX  474    583.00        5.142238E+14   4.2757E-05   4.2770E-05   0.99968
FLUX  475    585.00        5.124658E+14   4.2607E-05   4.2619E-05   0.99970
FLUX  476    587.00        5.107198E+14   4.2414E-05   4.2469E-05   0.99871
FLUX  477    589.00        5.089856E+14   4.2091E-05   4.2319E-05   0.99460
FLUX  478    591.00        5.072631E+14   4.2155E-05   4.2171E-05   0.99962
FLUX  479    593.00        5.055523E+14   4.2012E-05   4.2023E-05   0.99975
FLUX  480    595.00        5.038529E+14   4.1838E-05   4.1876E-05   0.99909
FLUX  481    597.00        5.021650E+14   4.1710E-05   4.1730E-05   0.99954
FLUX  482    599.00        5.004883E+14   4.1535E-05   4.1584E-05   0.99881
FLUX  483    601.00        4.988228E+14   4.1397E-05   4.1439E-05   0.99899
FLUX  484    603.00        4.971683E+14   4.1280E-05   4.1296E-05   0.99961
FLUX  485    605.00        4.955248E+14   4.1129E-05   4.1153E-05   0.99942
FLUX  486    607.00        4.938921E+14   4.1000E-05   4.1011E-05   0.99974
FLUX  487    609.00        4.922701E+14   4.0857E-05   4.0870E-05   0.99968
FLUX  488    611.00        4.906588E+14   4.0714E-05   4.0730E-05   0.99960
FLUX  489    613.00        4.890579E+14   4.0558E-05   4.0590E-05   0.99921
FLUX  490    615.00        4.874675E+14   4.0238E-05   4.0451E-05   0.99472
FLUX  491    617.00        4.858874E+14   4.0271E-05   4.0313E-05   0.99896
FLUX  492    619.00        4.843174E+14   4.0167E-05   4.0176E-05   0.99978
FLUX  493    621.00        4.827576E+14   4.0029E-05   4.0039E-05   0.99974
FLUX  494    623.00        4.812079E+14   3.9883E-05   3.9903E-05   0.99948
FLUX  495    625.00        4.796680E+14   3.9646E-05   3.9768E-05   0.99694
FLUX  496    627.00        4.781380E+14   3.9629E-05   3.9634E-05   0.99987
FLUX  497    629.00        4.766176E+14   3.9494E-05   3.9500E-05   0.99985
FLUX  498    631.00        4.751070E+14   3.9333E-05   3.9366E-05   0.99916
FLUX  499    633.00        4.736058E+14   3.9219E-05   3.9234E-05   0.99961
FLUX  500    635.00        4.721142E+14   3.8891E-05   3.9102E-05   0.99462
FLUX  501    637.00        4.706319E+14   3.8836E-05   3.8971E-05   0.99654
FLUX  502    639.00        4.691588E+14   3.8819E-05   3.8840E-05   0.99945
FLUX  503    641.00        4.676950E+14   3.8660E-05   3.8710E-05   0.99871
FLUX  504    643.00        4.662403E+14   3.8541E-05   3.8581E-05   0.99897
FLUX  505    645.00        4.647946E+14   3.8234E-05   3.8452E-05   0.99434
FLUX  506    647.00        4.633578E+14   3.8168E-05   3.8324E-05   0.99591
FLUX  507    649.00        4.619299E+14   3.7894E-05   3.8197E-05   0.99206
FLUX  508    651.00        4.605108E+14   3.7515E-05   3.8070E-05   0.98541
FLUX  509    653.00        4.591003E+14   3.6447E-05   3.7944E-05   0.96052
FLUX  510    655.00        4.576985E+14   3.1419E-05   3.7819E-05   0.83077
FLUX  511    657.00        4.563052E+14   2.5841E-05   3.7695E-05   0.68554
FLUX  512    659.00        4.549203E+14   3.4854E-05   3.7571E-05   0.92768
FLUX  513    661.00        4.535439E+14   3.6658E-05   3.7447E-05   0.97893
FLUX  514    663.00        4.521757E+14   3.6987E-05   3.7324E-05   0.99096
FLUX  515    665.00        4.508158E+14   3.7019E-05   3.7202E-05   0.99508
FLUX  516    667.00        4.494640E+14   3.6958E-05   3.7081E-05   0.99669
FLUX  517    669.00        4.481203E+14   3.6917E-05   3.6960E-05   0.99886
FLUX  518    671.00        4.467846E+14   3.6828E-05   3.6839E-05   0.99969
FLUX  519    673.00        4.454569E+14   3.6690E-05   3.6719E-05   0.99921
FLUX  520    675.00        4.441370E+14   3.6577E-05   3.6600E-05   0.99937
FLUX  521    677.00        4.428250E+14   3.6478E-05   3.6481E-05   0.99990
FLUX  522    679.00        4.415206E+14   3.6359E-05   3.6363E-05   0.99987
FLUX  523    681.00        4.402239E+14   3.6242E-05   3.6246E-05   0.99989
FLUX  524    683.00        4.389348E+14   3.6112E-05   3.6129E-05   0.99955
FLUX  525    685.00        4.376533E+14   3.6002E-05   3.6013E-05   0.99971
FLUX  526    687.00        4.363792E+14   3.5891E-05   3.5897E-05   0.99985
FLUX  527    689.00        4.351125E+14   3.5777E-05   3.5782E-05   0.99988
FLUX  528    691.00        4.338531E+14   3.5662E-05   3.5667E-05   0.99985
FLUX  529    693.00        4.326010E+14   3.5543E-05   3.5553E-05   0.99971
FLUX  530    695.00        4.313561E+14   3.5434E-05   3.5440E-05   0.99984
FLUX  531    697.00        4.301184E+14   3.5318E-05   3.5327E-05   0.99976
FLUX  532    699.00        4.288877E+14   3.5212E-05   3.5215E-05   0.99991
FLUX  533    701.00        4.276641E+14   3.5063E-05   3.5103E-05   0.99887
FLUX  534    703.00        4.264474E+14   3.4978E-05   3.4992E-05   0.99961
FLUX  535    705.00        4.252376E+14   3.4867E-05   3.4881E-05   0.99961
FLUX  536    707.00        4.240347E+14   3.4763E-05   3.4771E-05   0.99979
FLUX  537    709.00        4.228385E+14   3.4660E-05   3.4661E-05   0.99997
FLUX  538    711.00        4.216491E+14   3.4419E-05   3.4552E-05   0.99615
FLUX  539    713.00        4.204663E+14   3.4419E-05   3.4443E-05   0.99929
FLUX  540    715.00        4.192902E+14   3.4312E-05   3.4335E-05   0.99934
FLUX  541    717.00        4.181206E+14   3.4218E-05   3.4227E-05   0.99972
FLUX  542    719.00        4.169576E+14   3.4107E-05   3.4120E-05   0.99962
FLUX  543    721.00        4.158010E+14   3.4003E-05   3.4013E-05   0.99970
FLUX  544    723.00        4.146508E+14   3.3893E-05   3.3907E-05   0.99957
FLUX  545    725.00        4.135069E+14   3.3774E-05   3.3802E-05   0.99918
FLUX  546    727.00        4.123693E+14   3.3691E-05   3.3697E-05   0.99983
FLUX  547    729.00        4.112380E+14   3.3574E-05   3.3592E-05   0.99948
FLUX  548    731.00        4.101129E+14   3.3470E-05   3.3488E-05   0.99945
FLUX  549    733.00        4.089939E+14   3.3372E-05   3.3384E-05   0.99964
FLUX  550    735.00        4.078810E+14   3.3276E-05   3.3281E-05   0.99986
FLUX  551    737.00        4.067741E+14   3.3176E-05   3.3178E-05   0.99992
FLUX  552    739.00        4.056732E+14   3.3067E-05   3.3076E-05   0.99973
FLUX  553    741.00        4.045783E+14   3.2955E-05   3.2974E-05   0.99942
FLUX  554    743.00        4.034892E+14   3.2821E-05   3.2873E-05   0.99841
FLUX  555    745.00        4.024060E+14   3.2739E-05   3.2772E-05   0.99899
FLUX  556    747.00        4.013286E+14   3.2594E-05   3.2671E-05   0.99762
FLUX  557    749.00        4.002570E+14   3.2530E-05   3.2572E-05   0.99871
FLUX  558    751.00        3.991911E+14   3.2449E-05   3.2472E-05   0.99930
FLUX  559    753.00        3.981308E+14   3.2362E-05   3.2373E-05   0.99965
FLUX  560    755.00        3.970762E+14   3.2272E-05   3.2275E-05   0.99992
FLUX  561    757.00        3.960271E+14   3.2172E-05   3.2176E-05   0.99986
FLUX  562    759.00        3.949835E+14   3.2076E-05   3.2079E-05   0.99991
FLUX  563    761.00        3.939455E+14   3.1980E-05   3.1982E-05   0.99994
FLUX  564    763.00        3.929128E+14   3.1881E-05   3.1885E-05   0.99986
FLUX  565    765.00        3.918856E+14   3.1778E-05   3.1789E-05   0.99968
FLUX  566    767.00        3.908638E+14   3.1675E-05   3.1693E-05   0.99944
FLUX  567    769.00        3.898472E+14   3.1587E-05   3.1597E-05   0.99968
FLUX  568    771.00        3.888359E+14   3.1485E-05   3.1502E-05   0.99943
FLUX  569    773.00        3.878299E+14   3.1404E-05   3.1408E-05   0.99988
FLUX  570    775.00        3.868290E+14   3.1307E-05   3.1314E-05   0.99980
FLUX  571    777.00        3.858333E+14   3.0734E-05   3.1220E-05   0.98444
FLUX  572    779.00        3.848427E+14   3.1124E-05   3.1126E-05   0.99991
FLUX  573    781.00        3.838572E+14   3.1031E-05   3.1034E-05   0.99992
FLUX  574    783.00        3.828768E+14   3.0928E-05   3.0941E-05   0.99957
FLUX  575    785.00        3.819013E+14   3.0820E-05   3.0849E-05   0.99906
FLUX  576    787.00        3.809307E+14   3.0676E-05   3.0757E-05   0.99736
FLUX  577    789.00        3.799651E+14   3.0547E-05   3.0666E-05   0.99611
FLUX  578    791.00        3.790044E+14   3.0545E-05   3.0575E-05   0.99901
FLUX  579    793.00        3.780485E+14   3.0469E-05   3.0485E-05   0.99949
FLUX  580    795.00        3.770975E+14   3.0327E-05   3.0395E-05   0.99777
FLUX  581    797.00        3.761512E+14   3.0303E-05   3.0305E-05   0.99992
FLUX  582    799.00        3.752096E+14   3.0055E-05   3.0216E-05   0.99466
FLUX  583    801.00        3.742728E+14   3.0120E-05   3.0127E-05   0.99976
FLUX  584    803.00        3.733406E+14   3.0027E-05   3.0039E-05   0.99962
FLUX  585    805.00        3.724130E+14   2.9945E-05   2.9951E-05   0.99983
FLUX  586    807.00        3.714901E+14   2.9852E-05   2.9863E-05   0.99965
FLUX  587    809.00        3.705717E+14   2.9767E-05   2.9775E-05   0.99971
FLUX  588    811.00        3.696578E+14   2.9682E-05   2.9688E-05   0.99978
FLUX  589    813.00        3.687485E+14   2.9600E-05   2.9602E-05   0.99994
FLUX  590    815.00        3.678436E+14   2.9515E-05   2.9516E-05   0.99997
FLUX  591    817.00        3.669431E+14   2.9429E-05   2.9430E-05   0.99997
FLUX  592    819.00        3.660470E+14   2.9263E-05   2.9344E-05   0.99723
FLUX  593    821.00        3.651553E+14   2.9280E-05   3.5971E-05   0.81398
FLUX  594    823.00        3.642679E+14   2.9197E-05   3.5850E-05   0.81442
FLUX  595    825.00        3.633848E+14   2.9142E-05   3.5730E-05   0.81562
FLUX  596    827.00        3.625060E+14   2.9174E-05   3.5611E-05   0.81925
FLUX  597    829.00        3.616315E+14   2.9097E-05   3.5492E-05   0.81982
FLUX  598    831.00        3.607611E+14   2.9039E-05   3.5374E-05   0.82092
FLUX  599    833.00        3.598950E+14   2.8873E-05   3.5256E-05   0.81896
FLUX  600    835.00        3.590329E+14   2.8886E-05   3.5139E-05   0.82205
FLUX  601    837.00        3.581750E+14   2.8788E-05   3.5022E-05   0.82200
FLUX  602    839.00        3.573212E+14   2.8668E-05   3.4906E-05   0.82129
FLUX  603    841.00        3.564715E+14   2.8537E-05   3.4791E-05   0.82023
FLUX  604    843.00        3.556257E+14   2.8435E-05   3.4676E-05   0.82001
FLUX  605    845.00        3.547840E+14   2.8124E-05   3.4562E-05   0.81373
FLUX  606    847.00        3.539463E+14   2.7787E-05   3.4449E-05   0.80661
FLUX  607    849.00        3.531125E+14   2.8350E-05   3.4336E-05   0.82568
FLUX  608    851.00        3.522826E+14   2.7087E-05   3.4223E-05   0.79150
FLUX  609    853.00        3.514566E+14   2.8497E-05   3.4111E-05   0.83541
FLUX  610    855.00        3.506345E+14   2.5855E-05   3.4000E-05   0.76045
FLUX  611    857.00        3.498162E+14   2.8937E-05   3.3889E-05   0.85387
FLUX  612    859.00        3.490017E+14   2.6852E-05   3.3779E-05   0.79495
FLUX  613    861.00        3.481911E+14   2.6293E-05   3.3669E-05   0.78092
FLUX  614    863.00        3.473841E+14   2.9534E-05   3.3560E-05   0.88003
FLUX  615    865.00        3.465809E+14   2.8273E-05   3.3451E-05   0.84522
FLUX  616    867.00        3.457814E+14   2.3507E-05   3.3343E-05   0.70500
FLUX  617    869.00        3.449856E+14   2.9190E-05   3.3235E-05   0.87829
FLUX  618    871.00        3.441935E+14   3.0482E-05   3.3128E-05   0.92012
FLUX  619    873.00        3.434049E+14   2.9197E-05   3.3021E-05   0.88418
FLUX  620    875.00        3.426200E+14   2.2790E-05   3.2915E-05   0.69237
FLUX  621    877.00        3.418387E+14   2.7831E-05   3.2810E-05   0.84825
FLUX  622    879.00        3.410609E+14   3.0866E-05   3.2705E-05   0.94377
FLUX  623    881.00        3.402866E+14   3.1305E-05   3.2600E-05   0.96028
FLUX  624    883.00        3.395159E+14   3.0502E-05   3.2496E-05   0.93863
FLUX  625    885.00        3.387486E+14   2.6698E-05   3.2393E-05   0.82421
FLUX  626    887.00        3.379848E+14   2.2524E-05   3.2290E-05   0.69755
FLUX  627    889.00        3.372244E+14   2.9078E-05   3.2187E-05   0.90340
FLUX  628    891.00        3.364675E+14   3.0845E-05   3.2085E-05   0.96135
FLUX  629    893.00        3.357139E+14   3.1197E-05   3.1984E-05   0.97540
FLUX  630    895.00        3.349637E+14   3.1285E-05   3.1883E-05   0.98126
FLUX  631    897.00        3.342168E+14   3.0779E-05   3.1782E-05   0.96844
FLUX  632    899.00        3.334733E+14   2.9036E-05   3.1682E-05   0.91647
FLUX  633    901.00        3.327331E+14   2.2752E-05   3.1583E-05   0.72041
FLUX  634    903.00        3.319961E+14   2.5059E-05   3.1484E-05   0.79593
FLUX  635    905.00        3.312624E+14   2.9475E-05   3.1385E-05   0.93915
FLUX  636    907.00        3.305320E+14   3.0231E-05   3.1287E-05   0.96624
FLUX  637    909.00        3.298047E+14   3.0264E-05   3.1189E-05   0.97033
FLUX  638    911.00        3.290807E+14   3.0653E-05   3.1092E-05   0.98587
FLUX  639    913.00        3.283598E+14   3.0707E-05   3.0995E-05   0.99070
FLUX  640    915.00        3.276421E+14   3.0586E-05   3.0899E-05   0.98986
FLUX  641    917.00        3.269275E+14   3.0266E-05   3.0803E-05   0.98255
FLUX  642    919.00        3.262160E+14   2.9480E-05   3.0708E-05   0.96001
FLUX  643    921.00        3.255076E+14   2.6974E-05   3.0613E-05   0.88111
FLUX  644    923.00        3.248023E+14   2.0872E-05   3.0519E-05   0.68390
FLUX  645    925.00        3.241000E+14   2.6052E-05   3.0424E-05   0.85628
FLUX  646    927.00        3.234008E+14   2.8533E-05   3.0331E-05   0.94072
FLUX  647    929.00        3.227045E+14   2.9697E-05   3.0238E-05   0.98214
FLUX  648    931.00        3.220113E+14   2.9870E-05   3.0145E-05   0.99089
FLUX  649    933.00        3.213210E+14   2.9870E-05   3.0053E-05   0.99393
FLUX  650    935.00        3.206337E+14   2.9835E-05   2.9961E-05   0.99582
FLUX  651    937.00        3.199493E+14   2.9769E-05   2.9869E-05   0.99664
FLUX  652    939.00        3.192678E+14   2.9601E-05   2.9778E-05   0.99405
FLUX  653    941.00        3.185893E+14   2.9269E-05   2.9688E-05   0.98592
FLUX  654    943.00        3.179136E+14   2.9441E-05   2.9597E-05   0.99472
FLUX  655    945.00        3.172407E+14   2.9325E-05   2.9507E-05   0.99381
FLUX  656    947.00        3.165707E+14   2.9133E-05   2.9418E-05   0.99032
FLUX  657    949.00        3.159036E+14   2.8790E-05   2.9329E-05   0.98163
FLUX  658    951.00        3.152392E+14   2.7931E-05   2.9240E-05   0.95522
FLUX  659    953.00        3.145776E+14   2.5138E-05   2.9152E-05   0.86232
FLUX  660    955.00        3.139188E+14   2.0181E-05   2.9064E-05   0.69435
FLUX  661    957.00        3.132628E+14   2.5623E-05   2.8977E-05   0.88426
FLUX  662    959.00        3.126095E+14   2.7792E-05   2.8890E-05   0.96198
FLUX  663    961.00        3.119589E+14   2.8279E-05   2.8803E-05   0.98179
FLUX  664    963.00        3.113110E+14   2.8249E-05   2.8717E-05   0.98372
FLUX  665    965.00        3.106658E+14   2.8476E-05   2.8631E-05   0.99459
FLUX  666    967.00        3.100233E+14   2.8285E-05   2.8546E-05   0.99086
FLUX  667    969.00        3.093834E+14   2.8359E-05   2.8461E-05   0.99644
FLUX  668    971.00        3.087461E+14   2.8369E-05   2.8376E-05   0.99976
FLUX  669    973.00        3.081115E+14   2.8276E-05   2.8291E-05   0.99944
FLUX  670    975.00        3.074795E+14   2.8184E-05   2.8208E-05   0.99917
FLUX  671    977.00        3.068501E+14   2.8118E-05   2.8124E-05   0.99979
FLUX  672    979.00        3.062232E+14   2.8034E-05   2.8041E-05   0.99975
FLUX  673    981.00        3.055989E+14   2.7943E-05   2.7958E-05   0.99948
FLUX  674    983.00        3.049771E+14   2.7844E-05   2.7875E-05   0.99888
FLUX  675    985.00        3.043579E+14   2.7750E-05   2.7793E-05   0.99842
FLUX  676    987.00        3.037411E+14   2.7668E-05   2.7712E-05   0.99843
FLUX  677    989.00        3.031269E+14   2.7493E-05   2.7630E-05   0.99502
FLUX  678    991.00        3.025151E+14   2.7459E-05   2.7549E-05   0.99671
FLUX  679    993.00        3.019058E+14   2.7339E-05   2.7468E-05   0.99527
FLUX  680    995.00        3.012990E+14   2.7232E-05   2.7388E-05   0.99430
FLUX  681    997.00        3.006946E+14   2.7073E-05   2.7308E-05   0.99138
FLUX  682    999.00        3.000926E+14   2.6778E-05   2.7228E-05   0.98344
FLUX  683   1002.50        2.990449E+14   2.4098E-05   2.7090E-05   0.88954
FLUX  684   1007.50        2.975608E+14   2.3106E-05   2.6894E-05   0.85917
FLUX  685   1012.50        2.960914E+14   2.6274E-05   2.6700E-05   0.98406
FLUX  686   1017.50        2.946364E+14   2.6407E-05   2.6508E-05   0.99618
FLUX  687   1022.50        2.931956E+14   2.6306E-05   2.6318E-05   0.99953
FLUX  688   1027.50        2.917689E+14   2.6124E-05   2.6131E-05   0.99973
FLUX  689   1032.50        2.903559E+14   2.5932E-05   2.5945E-05   0.99950
FLUX  690   1037.50        2.889566E+14   2.5750E-05   2.5761E-05   0.99959
FLUX  691   1042.50        2.875707E+14   2.5570E-05   2.5579E-05   0.99965
FLUX  692   1047.50        2.861981E+14   2.5338E-05   2.5400E-05   0.99759
FLUX  693   1052.50        2.848385E+14   2.5179E-05   2.5222E-05   0.99830
FLUX  694   1057.50        2.834917E+14   2.5017E-05   2.5045E-05   0.99887
FLUX  695   1062.50        2.821576E+14   2.4851E-05   2.4871E-05   0.99918
FLUX  696   1067.50        2.808361E+14   2.4463E-05   2.4699E-05   0.99046
FLUX  697   1072.50        2.795268E+14   2.4411E-05   2.4528E-05   0.99522
FLUX  698   1077.50        2.782297E+14   2.4289E-05   2.4359E-05   0.99714
FLUX  699   1082.50        2.769446E+14   2.4037E-05   2.4192E-05   0.99361
FLUX  700   1087.50        2.756713E+14   2.3518E-05   2.4027E-05   0.97884
FLUX  701   1092.50        2.744096E+14   1.9804E-05   2.3863E-05   0.82992
FLUX  702   1097.50        2.731595E+14   2.1823E-05   2.3701E-05   0.92079
FLUX  703   1102.50        2.719206E+14   2.3280E-05   2.3540E-05   0.98893
FLUX  704   1107.50        2.706930E+14   2.3304E-05   2.3381E-05   0.99669
FLUX  705   1112.50        2.694764E+14   2.3209E-05   2.3224E-05   0.99933
FLUX  706   1117.50        2.682707E+14   2.3063E-05   2.3068E-05   0.99976
FLUX  707   1122.50        2.670757E+14   2.2911E-05   2.2914E-05   0.99986
FLUX  708   1127.50        2.658914E+14   2.2609E-05   2.2762E-05   0.99328
FLUX  709   1132.50        2.647174E+14   2.2469E-05   2.2611E-05   0.99373
FLUX  710   1137.50        2.635538E+14   2.2438E-05   2.2461E-05   0.99897
FLUX  711   1142.50        2.624004E+14   2.2280E-05   2.2313E-05   0.99851
FLUX  712   1147.50        2.612571E+14   2.2162E-05   2.2166E-05   0.99981
FLUX  713   1152.50        2.601236E+14   2.2020E-05   2.2021E-05   0.99997
FLUX  714   1157.50        2.590000E+14   2.1874E-05   2.1877E-05   0.99985
FLUX  715   1162.50        2.578860E+14   2.1677E-05   2.1735E-05   0.99735
FLUX  716   1167.50        2.567816E+14   2.1471E-05   2.1594E-05   0.99434
FLUX  717   1172.50        2.556866E+14   2.1451E-05   2.1454E-05   0.99989
FLUX  718   1177.50        2.546008E+14   2.1149E-05   2.1315E-05   0.99217
FLUX  719   1182.50        2.535243E+14   2.1110E-05   2.1178E-05   0.99675
FLUX  720   1187.50        2.524568E+14   2.0957E-05   2.1043E-05   0.99592
FLUX  721   1192.50        2.513983E+14   2.0908E-05   2.0908E-05   0.99999
FLUX  722   1197.50        2.503486E+14   2.0722E-05   2.0775E-05   0.99744
FLUX  723   1202.50        2.493077E+14   2.0632E-05   2.0643E-05   0.99945
FLUX  724   1207.50        2.482754E+14   2.0486E-05   2.0512E-05   0.99873
FLUX  725   1212.50        2.472515E+14   2.0363E-05   2.0383E-05   0.99900
FLUX  726   1217.50        2.462361E+14   2.0248E-05   2.0255E-05   0.99966
FLUX  727   1222.50        2.452290E+14   2.0118E-05   2.0128E-05   0.99950
FLUX  728   1227.50        2.442301E+14   1.9980E-05   2.0002E-05   0.99891
FLUX  729   1232.50        2.432394E+14   1.9860E-05   1.9877E-05   0.99914
FLUX  730   1237.50        2.422566E+14   1.9743E-05   1.9754E-05   0.99945
FLUX  731   1242.50        2.412817E+14   1.9630E-05   1.9631E-05   0.99993
FLUX  732   1247.50        2.403146E+14   1.9484E-05   1.9510E-05   0.99867
FLUX  733   1252.50        2.393553E+14   1.9382E-05   1.9390E-05   0.99960
FLUX  734   1257.50        2.384036E+14   1.9224E-05   1.9271E-05   0.99755
FLUX  735   1262.50        2.374594E+14   1.9116E-05   1.9153E-05   0.99808
FLUX  736   1267.50        2.365227E+14   1.8974E-05   1.9036E-05   0.99673
FLUX  737   1272.50        2.355933E+14   1.8754E-05   1.8921E-05   0.99122
FLUX  738   1277.50        2.346712E+14   1.7991E-05   1.8806E-05   0.95670
FLUX  739   1282.50        2.337563E+14   1.5571E-05   1.8692E-05   0.83302
FLUX  740   1287.50        2.328485E+14   1.7971E-05   1.8579E-05   0.96725
FLUX  741   1292.50        2.319478E+14   1.8332E-05   1.8468E-05   0.99267
FLUX  742   1297.50        2.310539E+14   1.8308E-05   1.8357E-05   0.99735
FLUX  743   1302.50        2.301670E+14   1.8243E-05   1.8247E-05   0.99978
FLUX  744   1307.50        2.292868E+14   1.8138E-05   1.8138E-05   0.99997
FLUX  745   1312.50        2.284133E+14   1.8028E-05   1.8030E-05   0.99986
FLUX  746   1317.50        2.275465E+14   1.7899E-05   1.7924E-05   0.99863
FLUX  747   1322.50        2.266862E+14   1.7816E-05   1.7818E-05   0.99993
FLUX  748   1327.50        2.258324E+14   1.7712E-05   1.7713E-05   0.99994
FLUX  749   1332.50        2.249850E+14   1.7608E-05   1.7609E-05   0.99998
FLUX  750   1337.50        2.241439E+14   1.7505E-05   1.7505E-05   0.99997
FLUX  751   1342.50        2.233091E+14   1.7401E-05   1.7403E-05   0.99991
FLUX  752   1347.50        2.224805E+14   1.7298E-05   1.7302E-05   0.99980
FLUX  753   1352.50        2.216580E+14   1.7186E-05   1.7201E-05   0.99910
FLUX  754   1357.50        2.208416E+14   1.7092E-05   1.7101E-05   0.99945
FLUX  755   1362.50        2.200312E+14   1.6998E-05   1.7003E-05   0.99972
FLUX  756   1367.50        2.192267E+14   1.6895E-05   1.6905E-05   0.99946
FLUX  757   1372.50        2.184281E+14   1.6773E-05   1.6807E-05   0.99792
FLUX  758   1377.50        2.176352E+14   1.6705E-05   1.6711E-05   0.99962
FLUX  759   1382.50        2.168481E+14   1.6611E-05   1.6616E-05   0.99972
FLUX  760   1387.50        2.160667E+14   1.6521E-05   1.6521E-05   0.99999
FLUX  761   1392.50        2.152908E+14   1.6418E-05   1.6427E-05   0.99945
FLUX  762   1397.50        2.145206E+14   1.6331E-05   1.6334E-05   0.99984
FLUX  763   1402.50        2.137558E+14   1.6240E-05   1.6242E-05   0.99992
FLUX  764   1407.50        2.129964E+14   1.6150E-05   1.6150E-05   0.99998
FLUX  765   1412.50        2.122425E+14   1.6057E-05   1.6059E-05   0.99987
FLUX  766   1417.50        2.114938E+14   1.5968E-05   1.5969E-05   0.99990
FLUX  767   1422.50        2.107504E+14   1.5878E-05   1.5880E-05   0.99988
FLUX  768   1427.50        2.100123E+14   1.5789E-05   1.5791E-05   0.99988
FLUX  769   1432.50        2.092792E+14   1.5702E-05   1.5704E-05   0.99989
FLUX  770   1437.50        2.085513E+14   1.5616E-05   1.5616E-05   0.99998
FLUX  771   1442.50        2.078284E+14   1.5448E-05   1.5530E-05   0.99470
FLUX  772   1447.50        2.071105E+14   1.5443E-05   1.5444E-05   0.99988
FLUX  773   1452.50        2.063976E+14   1.5320E-05   1.5359E-05   0.99744
FLUX  774   1457.00        2.057601E+14   1.5281E-05   1.5284E-05   0.99985
FLUX  775   1462.00        2.050564E+14   1.5204E-05   1.6124E-05   0.94295
FLUX  776   1467.50        2.042879E+14   1.5132E-05   1.6024E-05   0.94432
FLUX  777   1472.50        2.035942E+14   1.5051E-05   1.5934E-05   0.94461
FLUX  778   1477.50        2.029052E+14   1.4955E-05   1.5845E-05   0.94383
FLUX  779   1482.50        2.022209E+14   1.4893E-05   1.5756E-05   0.94522
FLUX  780   1487.50        2.015412E+14   1.4798E-05   1.5669E-05   0.94444
FLUX  781   1492.50        2.008660E+14   1.4753E-05   1.5582E-05   0.94678
FLUX  782   1497.50        2.001953E+14   1.4669E-05   1.5495E-05   0.94668
FLUX  783   1502.50        1.995291E+14   1.4579E-05   1.5410E-05   0.94608
FLUX  784   1507.50        1.988673E+14   1.4508E-05   1.5325E-05   0.94672
FLUX  785   1512.50        1.982099E+14   1.4439E-05   1.5241E-05   0.94738
FLUX  786   1517.50        1.975568E+14   1.4358E-05   1.5157E-05   0.94724
FLUX  787   1522.50        1.969080E+14   1.4291E-05   1.5074E-05   0.94804
FLUX  788   1527.50        1.962635E+14   1.4182E-05   1.4992E-05   0.94595
FLUX  789   1532.50        1.956232E+14   1.4093E-05   1.4911E-05   0.94517
FLUX  790   1537.50        1.949870E+14   1.4056E-05   1.4830E-05   0.94786
FLUX  791   1542.50        1.943549E+14   1.3864E-05   1.4749E-05   0.93999
FLUX  792   1547.50        1.937270E+14   1.3902E-05   1.4670E-05   0.94764
FLUX  793   1552.50        1.931031E+14   1.3818E-05   1.4591E-05   0.94704
FLUX  794   1557.50        1.924831E+14   1.3504E-05   1.4512E-05   0.93051
FLUX  795   1562.50        1.918672E+14   1.3832E-05   1.4435E-05   0.95825
FLUX  796   1567.50        1.912552E+14   1.3459E-05   1.4357E-05   0.93742
FLUX  797   1572.50        1.906471E+14   1.3178E-05   1.4281E-05   0.92282
FLUX  798   1577.50        1.900428E+14   1.3681E-05   1.4205E-05   0.96316
FLUX  799   1582.50        1.894423E+14   1.3577E-05   1.4129E-05   0.96090
FLUX  800   1587.50        1.888457E+14   1.2531E-05   1.4054E-05   0.89163
FLUX  801   1592.50        1.882527E+14   1.3235E-05   1.3980E-05   0.94667
FLUX  802   1597.50        1.876635E+14   1.3539E-05   1.3906E-05   0.97356
FLUX  803   1605.00        1.867866E+14   1.3194E-05   1.3797E-05   0.95633
FLUX  804   1615.00        1.856300E+14   1.2551E-05   1.3653E-05   0.91931
FLUX  805   1625.00        1.844877E+14   1.3323E-05   1.3511E-05   0.98613
FLUX  806   1635.00        1.833593E+14   1.2766E-05   1.3370E-05   0.95477
FLUX  807   1645.00        1.822447E+14   1.2101E-05   1.3232E-05   0.91454
FLUX  808   1655.00        1.811435E+14   1.2996E-05   1.3096E-05   0.99240
FLUX  809   1665.00        1.800556E+14   1.2887E-05   1.2962E-05   0.99425
FLUX  810   1675.00        1.789806E+14   1.2234E-05   1.2830E-05   0.95360
FLUX  811   1685.00        1.779184E+14   1.1578E-05   1.2700E-05   0.91170
FLUX  812   1695.00        1.768687E+14   1.2490E-05   1.2571E-05   0.99351
FLUX  813   1705.00        1.758314E+14   1.2419E-05   1.2445E-05   0.99785
FLUX  814   1715.00        1.748061E+14   1.2293E-05   1.2321E-05   0.99776
FLUX  815   1725.00        1.737928E+14   1.2060E-05   1.2199E-05   0.98866
FLUX  816   1735.00        1.727911E+14   1.0763E-05   1.2078E-05   0.89109
FLUX  817   1745.00        1.718009E+14   1.1661E-05   1.1959E-05   0.97507
FLUX  818   1755.00        1.708219E+14   1.1793E-05   1.1842E-05   0.99585
FLUX  819   1765.00        1.698541E+14   1.1708E-05   1.1727E-05   0.99837
FLUX  820   1775.00        1.688972E+14   1.1606E-05   1.1613E-05   0.99935
FLUX  821   1785.00        1.679510E+14   1.1491E-05   1.1501E-05   0.99906
FLUX  822   1795.00        1.670153E+14   1.1377E-05   1.1391E-05   0.99876
FLUX  823   1805.00        1.660900E+14   1.1174E-05   1.1282E-05   0.99038
FLUX  824   1815.00        1.651749E+14   1.0079E-05   1.1175E-05   0.90188
FLUX  825   1825.00        1.642699E+14   1.0683E-05   1.1069E-05   0.96509
FLUX  826   1835.00        1.633747E+14   1.0918E-05   1.0965E-05   0.99568
FLUX  827   1845.00        1.624892E+14   1.0852E-05   1.0862E-05   0.99901
FLUX  828   1855.00        1.616132E+14   1.0722E-05   1.0761E-05   0.99639
FLUX  829   1865.00        1.607466E+14   1.0524E-05   1.0661E-05   0.98715
FLUX  830   1875.00        1.598893E+14   9.4941E-06   1.0563E-05   0.89882
FLUX  831   1885.00        1.590411E+14   1.0286E-05   1.0466E-05   0.98281
FLUX  832   1895.00        1.582018E+14   1.0331E-05   1.0370E-05   0.99625
FLUX  833   1905.00        1.573714E+14   1.0274E-05   1.0275E-05   0.99988
FLUX  834   1915.00        1.565496E+14   1.0180E-05   1.0182E-05   0.99978
FLUX  835   1925.00        1.557364E+14   1.0065E-05   1.0090E-05   0.99746
FLUX  836   1935.00        1.549315E+14   9.8469E-06   9.9997E-06   0.98473
FLUX  837   1945.00        1.541350E+14   8.8662E-06   9.9102E-06   0.89465
FLUX  838   1955.00        1.533465E+14   9.6698E-06   9.8220E-06   0.98450
FLUX  839   1965.00        1.525662E+14   9.7145E-06   9.7349E-06   0.99790
FLUX  840   1975.00        1.517937E+14   9.6450E-06   9.6490E-06   0.99959
FLUX  841   1985.00        1.510290E+14   9.5636E-06   9.5643E-06   0.99993
FLUX  842   1995.00        1.502719E+14   9.4800E-06   9.4806E-06   0.99993
FLUX  843   2005.00        1.495224E+14   9.3979E-06   9.3981E-06   0.99998
FLUX  844   2015.00        1.487804E+14   9.3164E-06   9.3166E-06   0.99998
FLUX  845   2025.00        1.480457E+14   9.2356E-06   9.2362E-06   0.99993
FLUX  846   2035.00        1.473182E+14   9.1559E-06   9.1569E-06   0.99989
FLUX  847   2045.00        1.465978E+14   9.0784E-06   9.0785E-06   0.99999
FLUX  848   2055.00        1.458844E+14   9.0011E-06   9.0012E-06   0.99999
FLUX  849   2065.00        1.451780E+14   8.9233E-06   8.9249E-06   0.99982
FLUX  850   2075.00        1.444783E+14   8.8487E-06   8.8496E-06   0.99990
FLUX  851   2085.00        1.437854E+14   8.7749E-06   8.7751E-06   0.99997
FLUX  852   2095.00        1.430990E+14   8.7010E-06   8.7017E-06   0.99992
FLUX  853   2105.00        1.424192E+14   8.6277E-06   8.6291E-06   0.99983
FLUX  854   2115.00        1.417459E+14   8.5512E-06   8.5575E-06   0.99927
FLUX  855   2125.00        1.410788E+14   8.4796E-06   8.4868E-06   0.99915
FLUX  856   2135.00        1.404180E+14   8.4115E-06   8.4169E-06   0.99936
FLUX  857   2145.00        1.397634E+14   8.3277E-06   8.3479E-06   0.99758
FLUX  858   2155.00        1.391148E+14   8.1729E-06   8.2797E-06   0.98710
FLUX  859   2165.00        1.384723E+14   7.4116E-06   8.2124E-06   0.90249
FLUX  860   2175.00        1.378356E+14   7.9741E-06   8.1459E-06   0.97891
FLUX  861   2185.00        1.372048E+14   8.0521E-06   8.0802E-06   0.99653
FLUX  862   2195.00        1.365797E+14   8.0150E-06   8.0153E-06   0.99997
FLUX  863   2205.00        1.359603E+14   7.9498E-06   7.9512E-06   0.99983
FLUX  864   2215.00        1.353465E+14   7.8835E-06   7.8878E-06   0.99945
FLUX  865   2225.00        1.347382E+14   7.8252E-06   7.8252E-06   0.99999
FLUX  866   2235.00        1.341353E+14   7.7633E-06   7.7634E-06   0.99999
FLUX  867   2245.00        1.335379E+14   7.7022E-06   7.7023E-06   0.99999
FLUX  868   2255.00        1.329457E+14   7.6402E-06   7.6419E-06   0.99979
FLUX  869   2265.00        1.323587E+14   7.5820E-06   7.5822E-06   0.99997
FLUX  870   2275.00        1.317769E+14   7.5228E-06   7.5232E-06   0.99994
FLUX  871   2285.00        1.312002E+14   7.4681E-06   7.6248E-06   0.97944
FLUX  872   2295.00        1.306285E+14   7.4110E-06   7.5653E-06   0.97960
FLUX  873   2305.00        1.300618E+14   7.3563E-06   7.5065E-06   0.97999
FLUX  874   2315.00        1.295000E+14   7.3009E-06   7.4483E-06   0.98020
FLUX  875   2325.00        1.289430E+14   7.2467E-06   7.3909E-06   0.98050
FLUX  876   2335.00        1.283908E+14   7.1926E-06   7.3341E-06   0.98071
FLUX  877   2345.00        1.278433E+14   7.1393E-06   7.2779E-06   0.98096
FLUX  878   2355.00        1.273004E+14   7.0866E-06   7.2224E-06   0.98119
FLUX  879   2365.00        1.267622E+14   7.0342E-06   7.1676E-06   0.98140
FLUX  880   2375.00        1.262284E+14   6.9823E-06   7.1133E-06   0.98158
FLUX  881   2385.00        1.256992E+14   6.9305E-06   7.0597E-06   0.98170
FLUX  882   2395.00        1.251743E+14   6.8793E-06   7.0066E-06   0.98182
FLUX  883   2405.00        1.246538E+14   6.8272E-06   6.9542E-06   0.98174
FLUX  884   2415.00        1.241377E+14   6.7757E-06   6.9024E-06   0.98165
FLUX  885   2425.00        1.236258E+14   6.7283E-06   6.8511E-06   0.98207
FLUX  886   2435.00        1.231181E+14   6.6761E-06   6.8004E-06   0.98172
FLUX  887   2445.00        1.226145E+14   6.6228E-06   6.7503E-06   0.98112
FLUX  888   2455.00        1.221151E+14   6.5813E-06   6.7007E-06   0.98218
FLUX  889   2465.00        1.216197E+14   6.5224E-06   6.6517E-06   0.98056
FLUX  890   2475.00        1.211283E+14   6.4766E-06   6.6032E-06   0.98083
FLUX  891   2485.00        1.206408E+14   6.4482E-06   6.5553E-06   0.98367
FLUX  892   2495.00        1.201573E+14   6.3411E-06   6.5078E-06   0.97438
FLUX  893   2505.00        1.196776E+14   6.3608E-06   6.4609E-06   0.98450
FLUX  894   2515.00        1.192018E+14   6.3177E-06   6.4145E-06   0.98491
FLUX  895   2525.00        1.187297E+14   6.1673E-06   6.3686E-06   0.96839
FLUX  896   2535.00        1.182613E+14   6.2193E-06   6.3232E-06   0.98358
FLUX  897   2545.00        1.177967E+14   6.2050E-06   6.2782E-06   0.98834
FLUX  898   2555.00        1.173356E+14   6.1265E-06   6.2338E-06   0.98280
FLUX  899   2565.00        1.168782E+14   5.9283E-06   6.1898E-06   0.95776
FLUX  900   2575.00        1.164243E+14   6.0548E-06   6.1463E-06   0.98512
FLUX  901   2585.00        1.159739E+14   6.0427E-06   6.1032E-06   0.99008
FLUX  902   2595.00        1.155270E+14   5.9964E-06   6.0606E-06   0.98940
FLUX  903   2605.00        1.150835E+14   5.8628E-06   6.0185E-06   0.97413
FLUX  904   2615.00        1.146434E+14   5.6121E-06   5.9768E-06   0.93899
FLUX  905   2625.00        1.142067E+14   5.3418E-06   5.9355E-06   0.89998
FLUX  906   2635.00        1.137732E+14   5.7239E-06   5.8946E-06   0.97104
FLUX  907   2645.00        1.133431E+14   5.7969E-06   5.8542E-06   0.99020
FLUX  908   2655.00        1.129162E+14   5.7683E-06   5.8142E-06   0.99211
FLUX  909   2665.00        1.124925E+14   5.6689E-06   5.7746E-06   0.98169
FLUX  910   2675.00        1.120720E+14   5.3197E-06   5.7354E-06   0.92752
FLUX  911   2685.00        1.116546E+14   5.5924E-06   5.6966E-06   0.98170
FLUX  912   2695.00        1.112403E+14   5.6292E-06   5.6582E-06   0.99488
FLUX  913   2705.00        1.108290E+14   5.6039E-06   5.6202E-06   0.99711
FLUX  914   2715.00        1.104208E+14   5.5720E-06   5.5826E-06   0.99811
FLUX  915   2725.00        1.100156E+14   5.5356E-06   5.5453E-06   0.99826
FLUX  916   2735.00        1.096133E+14   5.4896E-06   5.5084E-06   0.99658
FLUX  917   2745.00        1.092140E+14   5.4103E-06   5.4719E-06   0.98874
FLUX  918   2755.00        1.088176E+14   5.0475E-06   5.4357E-06   0.92859
FLUX  919   2765.00        1.084241E+14   5.1946E-06   5.3999E-06   0.96197
FLUX  920   2775.00        1.080333E+14   5.3294E-06   5.3645E-06   0.99346
FLUX  921   2785.00        1.076454E+14   5.3215E-06   5.3294E-06   0.99853
FLUX  922   2795.00        1.072603E+14   5.2945E-06   5.2946E-06   0.99998
FLUX  923   2805.00        1.068779E+14   5.2601E-06   5.2602E-06   0.99998
FLUX  924   2815.00        1.064982E+14   5.2260E-06   5.2261E-06   0.99997
FLUX  925   2825.00        1.061212E+14   5.1923E-06   5.1924E-06   0.99997
FLUX  926   2835.00        1.057469E+14   5.1589E-06   5.1590E-06   0.99998
FLUX  927   2845.00        1.053752E+14   5.1192E-06   5.1259E-06   0.99869
FLUX  928   2855.00        1.050061E+14   5.0636E-06   5.0931E-06   0.99421
FLUX  929   2865.00        1.046396E+14   4.9074E-06   5.0606E-06   0.96971
FLUX  930   2875.00        1.042757E+14   4.6177E-06   5.0285E-06   0.91831
FLUX  931   2885.00        1.039142E+14   4.9256E-06   4.9966E-06   0.98578
FLUX  932   2895.00        1.035553E+14   4.9468E-06   4.9651E-06   0.99631
FLUX  933   2905.00        1.031988E+14   4.9334E-06   4.9338E-06   0.99990
FLUX  934   2915.00        1.028448E+14   4.9009E-06   4.9029E-06   0.99959
FLUX  935   2925.00        1.024932E+14   4.8719E-06   4.8722E-06   0.99993
FLUX  936   2935.00        1.021440E+14   4.8418E-06   4.8419E-06   0.99998
FLUX  937   2945.00        1.017971E+14   4.8117E-06   4.8118E-06   0.99998
FLUX  938   2955.00        1.014526E+14   4.7819E-06   4.7820E-06   0.99999
FLUX  939   2965.00        1.011105E+14   4.7524E-06   4.7524E-06   0.99999
FLUX  940   2975.00        1.007706E+14   4.7231E-06   4.7232E-06   0.99999
FLUX  941   2985.00        1.004330E+14   4.6942E-06   4.6942E-06   0.99999
FLUX  942   2995.00        1.000977E+14   4.6653E-06   4.6655E-06   0.99997
FLUX  943   3005.00        9.976456E+13   4.6364E-06   4.6370E-06   0.99986
FLUX  944   3015.00        9.943367E+13   4.5963E-06   4.6088E-06   0.99727
FLUX  945   3025.00        9.910496E+13   4.5340E-06   4.5809E-06   0.98977
FLUX  946   3035.00        9.877842E+13   4.2449E-06   4.5532E-06   0.93228
FLUX  947   3045.00        9.845402E+13   4.3095E-06   4.5258E-06   0.95221
FLUX  948   3055.00        9.813175E+13   4.4630E-06   4.4986E-06   0.99208
FLUX  949   3065.00        9.781158E+13   4.4633E-06   4.4717E-06   0.99813
FLUX  950   3075.00        9.749350E+13   4.4444E-06   4.4450E-06   0.99987
FLUX  951   3085.00        9.717747E+13   4.4168E-06   4.4185E-06   0.99960
FLUX  952   3095.00        9.686349E+13   4.3918E-06   4.3923E-06   0.99989
FLUX  953   3105.00        9.655153E+13   4.3657E-06   4.3663E-06   0.99987
FLUX  954   3115.00        9.624157E+13   4.3395E-06   4.3406E-06   0.99975
FLUX  955   3125.00        9.593360E+13   4.3141E-06   4.3150E-06   0.99978
FLUX  956   3135.00        9.562759E+13   4.2892E-06   4.2897E-06   0.99988
FLUX  957   3145.00        9.532353E+13   4.2635E-06   4.2646E-06   0.99973
FLUX  958   3155.00        9.502139E+13   4.2396E-06   4.2398E-06   0.99995
FLUX  959   3165.00        9.472117E+13   4.2151E-06   4.2151E-06   0.99999
FLUX  960   3175.00        9.442283E+13   4.1901E-06   4.1907E-06   0.99986
FLUX  961   3185.00        9.412637E+13   4.1664E-06   4.1665E-06   0.99999
FLUX  962   3195.00        9.383177E+13   4.1423E-06   4.1424E-06   0.99997
FLUX  963   3210.00        9.339330E+13   4.1067E-06   4.1068E-06   0.99997
FLUX  964   3230.00        9.281502E+13   4.0600E-06   4.0600E-06   0.99999
FLUX  965   3250.00        9.224385E+13   4.0139E-06   4.0140E-06   0.99998
FLUX  966   3270.00        9.167966E+13   3.9577E-06   3.9688E-06   0.99719
FLUX  967   3290.00        9.112234E+13   3.7115E-06   3.9595E-06   0.93737
FLUX  968   3310.00        9.057175E+13   3.8036E-06   3.9152E-06   0.97148
FLUX  969   3330.00        9.002778E+13   3.8226E-06   3.8716E-06   0.98734
FLUX  970   3350.00        8.949030E+13   3.7853E-06   3.8288E-06   0.98864
FLUX  971   3370.00        8.895920E+13   3.7437E-06   3.7866E-06   0.98865
FLUX  972   3390.00        8.843437E+13   3.7045E-06   3.7452E-06   0.98914
FLUX  973   3410.00        8.791569E+13   3.6652E-06   3.7044E-06   0.98941
FLUX  974   3430.00        8.740306E+13   3.6267E-06   3.6643E-06   0.98972
FLUX  975   3450.00        8.689638E+13   3.5886E-06   3.6249E-06   0.99000
FLUX  976   3470.00        8.639553E+13   3.5507E-06   3.5860E-06   0.99015
FLUX  977   3490.00        8.590043E+13   3.5135E-06   3.5478E-06   0.99031
FLUX  978   3510.00        8.541097E+13   3.4767E-06   3.5103E-06   0.99045
FLUX  979   3530.00        8.492705E+13   3.4406E-06   3.4733E-06   0.99060
FLUX  980   3550.00        8.444859E+13   3.4047E-06   3.4368E-06   0.99065
FLUX  981   3570.00        8.397549E+13   3.3689E-06   3.4010E-06   0.99057
FLUX  982   3590.00        8.350766E+13   3.3358E-06   3.3657E-06   0.99112
FLUX  983   3610.00        8.304501E+13   3.2991E-06   3.3310E-06   0.99043
FLUX  984   3630.00        8.258747E+13   3.2685E-06   3.2968E-06   0.99141
FLUX  985   3650.00        8.213493E+13   3.2305E-06   3.2631E-06   0.99001
FLUX  986   3670.00        8.168733E+13   3.2040E-06   3.2299E-06   0.99196
FLUX  987   3690.00        8.124458E+13   3.1598E-06   3.1973E-06   0.98826
FLUX  988   3710.00        8.080660E+13   3.1339E-06   3.1651E-06   0.99014
FLUX  989   3730.00        8.037332E+13   3.0231E-06   3.1335E-06   0.96478
FLUX  990   3750.00        7.994467E+13   2.9584E-06   3.1023E-06   0.95362
FLUX  991   3770.00        7.952056E+13   3.0436E-06   3.0715E-06   0.99090
FLUX  992   3790.00        7.910092E+13   3.0215E-06   3.0412E-06   0.99350
FLUX  993   3810.00        7.868570E+13   2.9721E-06   3.0114E-06   0.98694
FLUX  994   3830.00        7.827480E+13   2.9468E-06   2.9820E-06   0.98820
FLUX  995   3850.00        7.786818E+13   2.9380E-06   2.9530E-06   0.99491
FLUX  996   3870.00        7.746576E+13   2.9103E-06   2.9245E-06   0.99516
FLUX  997   3890.00        7.706748E+13   2.8732E-06   2.8963E-06   0.99200
FLUX  998   3910.00        7.667327E+13   2.8044E-06   2.8686E-06   0.97763
FLUX  999   3930.00        7.628308E+13   2.8253E-06   2.8413E-06   0.99439
FLUX 1000   3950.00        7.589684E+13   2.8043E-06   2.8143E-06   0.99644
FLUX 1001   3970.00        7.551448E+13   2.7788E-06   2.7878E-06   0.99680
FLUX 1002   3990.00        7.513596E+13   2.7496E-06   2.7616E-06   0.99565
FLUX 1003   4010.00        7.476122E+13   2.6858E-06   2.7357E-06   0.98174
FLUX 1004   4030.00        7.439020E+13   2.6438E-06   2.7103E-06   0.97546
FLUX 1005   4050.00        7.402284E+13   2.5567E-06   2.6852E-06   0.95214
FLUX 1006   4070.00        7.365909E+13   2.6384E-06   2.6604E-06   0.99172
FLUX 1007   4090.00        7.329890E+13   2.6289E-06   2.6360E-06   0.99732
FLUX 1008   4110.00        7.294221E+13   2.6116E-06   2.6119E-06   0.99989
FLUX 1009   4130.00        7.258898E+13   2.5846E-06   2.5881E-06   0.99863
FLUX 1010   4150.00        7.223916E+13   2.5476E-06   2.5647E-06   0.99334
FLUX 1011   4170.00        7.189269E+13   2.4379E-06   2.5416E-06   0.95918
FLUX 1012   4190.00        7.154952E+13   2.4992E-06   2.5188E-06   0.99221
FLUX 1013   4210.00        7.120962E+13   2.4943E-06   2.4963E-06   0.99921
FLUX 1014   4230.00        7.087293E+13   2.4741E-06   2.4741E-06   0.99998
FLUX 1015   4250.00        7.053941E+13   2.4522E-06   2.4522E-06   0.99999
FLUX 1016   4270.00        7.020902E+13   2.4306E-06   2.4306E-06   0.99999
FLUX 1017   4290.00        6.988170E+13   2.4092E-06   2.4093E-06   0.99999
FLUX 1018   4310.00        6.955742E+13   2.3882E-06   2.3882E-06   0.99999
FLUX 1019   4330.00        6.923614E+13   2.3674E-06   2.3675E-06   0.99997
FLUX 1020   4350.00        6.891782E+13   2.3377E-06   2.3470E-06   0.99608
FLUX 1021   4370.00        6.860240E+13   2.2329E-06   2.3267E-06   0.95968
FLUX 1022   4390.00        6.828986E+13   2.2665E-06   2.3067E-06   0.98254
FLUX 1023   4410.00        6.798016E+13   2.2831E-06   2.2870E-06   0.99830
FLUX 1024   4430.00        6.767325E+13   2.2675E-06   2.2676E-06   0.99997
FLUX 1025   4450.00        6.736910E+13   2.2483E-06   2.2483E-06   0.99997
FLUX 1026   4470.00        6.706767E+13   2.2327E-06   2.2389E-06   0.99721
FLUX 1027   4490.00        6.676893E+13   2.2100E-06   2.2200E-06   0.99548
FLUX 1028   4510.00        6.647284E+13   2.1917E-06   2.2014E-06   0.99559
FLUX 1029   4530.00        6.617936E+13   2.1734E-06   2.1830E-06   0.99558
FLUX 1030   4550.00        6.588846E+13   2.1553E-06   2.1649E-06   0.99558
FLUX 1031   4570.00        6.560011E+13   2.1372E-06   2.1469E-06   0.99545
FLUX 1032   4590.00        6.531427E+13   2.1189E-06   2.1292E-06   0.99513
FLUX 1033   4610.00        6.503091E+13   2.0997E-06   2.1117E-06   0.99428
FLUX 1034   4630.00        6.475000E+13   2.0727E-06   2.0945E-06   0.98963
FLUX 1035   4650.00        6.447151E+13   1.9623E-06   2.0774E-06   0.94458
FLUX 1036   4670.00        6.419540E+13   1.9457E-06   2.0605E-06   0.94427
FLUX 1037   4690.00        6.392164E+13   2.0114E-06   2.0439E-06   0.98409
FLUX 1038   4710.00        6.365021E+13   2.0150E-06   2.0274E-06   0.99388
FLUX 1039   4730.00        6.338108E+13   2.0019E-06   2.0112E-06   0.99541
FLUX 1040   4750.00        6.311421E+13   1.9868E-06   1.9951E-06   0.99582
FLUX 1041   4770.00        6.284958E+13   1.9715E-06   1.9792E-06   0.99607
FLUX 1042   4790.00        6.258716E+13   1.9562E-06   1.9635E-06   0.99627
FLUX 1043   4810.00        6.232692E+13   1.9410E-06   1.9481E-06   0.99635
FLUX 1044   4830.00        6.206884E+13   1.9258E-06   1.9327E-06   0.99643
FLUX 1045   4850.00        6.181289E+13   1.9108E-06   1.9176E-06   0.99647
FLUX 1046   4870.00        6.155903E+13   1.8961E-06   1.9027E-06   0.99654
FLUX 1047   4890.00        6.130726E+13   1.8813E-06   1.8879E-06   0.99654
FLUX 1048   4910.00        6.105754E+13   1.8668E-06   1.8733E-06   0.99655
FLUX 1049   4930.00        6.080984E+13   1.8524E-06   1.8588E-06   0.99654
FLUX 1050   4950.00        6.056414E+13   1.8384E-06   1.8445E-06   0.99668
FLUX 1051   4970.00        6.032042E+13   1.8239E-06   1.8304E-06   0.99642
FLUX 1052   4990.00        6.007866E+13   1.8105E-06   1.8165E-06   0.99669
FLUX 1053   5010.00        5.983882E+13   1.7965E-06   1.8027E-06   0.99657
FLUX 1054   5030.00        5.960089E+13   1.7822E-06   1.7891E-06   0.99616
FLUX 1055   5050.00        5.936485E+13   1.7696E-06   1.7756E-06   0.99663
FLUX 1056   5070.00        5.913067E+13   1.7556E-06   1.7623E-06   0.99622
FLUX 1057   5090.00        5.889833E+13   1.7388E-06   1.7491E-06   0.99412
FLUX 1058   5110.00        5.866781E+13   1.7127E-06   1.7361E-06   0.98654
FLUX 1059   5130.00        5.843908E+13   1.6315E-06   1.7232E-06   0.94680
FLUX 1060   5150.00        5.821214E+13   1.6919E-06   1.7104E-06   0.98916
FLUX 1061   5170.00        5.798694E+13   1.6873E-06   1.6978E-06   0.99380
FLUX 1062   5190.00        5.776349E+13   1.6792E-06   1.6854E-06   0.99634
FLUX 1063   5210.00        5.754175E+13   1.6684E-06   1.6730E-06   0.99721
FLUX 1064   5230.00        5.732170E+13   1.6562E-06   1.6608E-06   0.99722
FLUX 1065   5250.00        5.710333E+13   1.6417E-06   1.6488E-06   0.99571
FLUX 1066   5270.00        5.688662E+13   1.6278E-06   1.6369E-06   0.99447
FLUX 1067   5290.00        5.667155E+13   1.6204E-06   1.6251E-06   0.99716
FLUX 1068   5310.00        5.645810E+13   1.6098E-06   1.6134E-06   0.99777
FLUX 1069   5330.00        5.624625E+13   1.5984E-06   1.6018E-06   0.99783
FLUX 1070   5350.00        5.603598E+13   1.5861E-06   1.5904E-06   0.99731
FLUX 1071   5370.00        5.582728E+13   1.5692E-06   1.5791E-06   0.99370
FLUX 1072   5390.00        5.562013E+13   1.5583E-06   1.5679E-06   0.99383
FLUX 1073   5410.00        5.541451E+13   1.5529E-06   1.5569E-06   0.99744
FLUX 1074   5430.00        5.521041E+13   1.5453E-06   1.5459E-06   0.99959
FLUX 1075   5450.00        5.500780E+13   1.5349E-06   1.5351E-06   0.99990
FLUX 1076   5470.00        5.480667E+13   1.5242E-06   1.5244E-06   0.99989
FLUX 1077   5490.00        5.460701E+13   1.5106E-06   1.5138E-06   0.99788
FLUX 1078   5510.00        5.440880E+13   1.4945E-06   1.5033E-06   0.99416
FLUX 1079   5530.00        5.421203E+13   1.4765E-06   1.4929E-06   0.98903
FLUX 1080   5550.00        5.401667E+13   1.4777E-06   1.4826E-06   0.99670
FLUX 1081   5570.00        5.382271E+13   1.4718E-06   1.4724E-06   0.99956
FLUX 1082   5590.00        5.363014E+13   1.4622E-06   1.4623E-06   0.99987
FLUX 1083   5610.00        5.343895E+13   1.4523E-06   1.4524E-06   0.99991
FLUX 1084   5630.00        5.324911E+13   1.4425E-06   1.4425E-06   0.99997
FLUX 1085   5650.00        5.306062E+13   1.4327E-06   1.4327E-06   0.99997
FLUX 1086   5670.00        5.287346E+13   1.4218E-06   1.4231E-06   0.99913
FLUX 1087   5690.00        5.268761E+13   1.4068E-06   1.4135E-06   0.99524
FLUX 1088   5710.00        5.250306E+13   1.3795E-06   1.4040E-06   0.98253
FLUX 1089   5730.00        5.231981E+13   1.3863E-06   1.3947E-06   0.99402
FLUX 1090   5750.00        5.213783E+13   1.3838E-06   1.3854E-06   0.99884
FLUX 1091   5770.00        5.195711E+13   1.3761E-06   1.3762E-06   0.99997
FLUX 1092   5790.00        5.177763E+13   1.3670E-06   1.3671E-06   0.99997
FLUX 1093   5810.00        5.159940E+13   1.3580E-06   1.3581E-06   0.99998
FLUX 1094   5830.00        5.142238E+13   1.3480E-06   1.3491E-06   0.99916
FLUX 1095   5850.00        5.124658E+13   1.3381E-06   1.3433E-06   0.99612
FLUX 1096   5870.00        5.107198E+13   1.3275E-06   1.3346E-06   0.99468
FLUX 1097   5890.00        5.089856E+13   1.3063E-06   1.3259E-06   0.98524
FLUX 1098   5910.00        5.072631E+13   1.2462E-06   1.3173E-06   0.94608
FLUX 1099   5930.00        5.055523E+13   1.2913E-06   1.3087E-06   0.98670
FLUX 1100   5950.00        5.038529E+13   1.2670E-06   1.3003E-06   0.97440
FLUX 1101   5970.00        5.021650E+13   1.2719E-06   1.2919E-06   0.98452
FLUX 1102   5990.00        5.004883E+13   1.2771E-06   1.2836E-06   0.99487
FLUX 1103   6010.00        4.988228E+13   1.2711E-06   1.2754E-06   0.99657
FLUX 1104   6030.00        4.971683E+13   1.2636E-06   1.2673E-06   0.99708
FLUX 1105   6050.00        4.955248E+13   1.2559E-06   1.2593E-06   0.99731
FLUX 1106   6070.00        4.938921E+13   1.2481E-06   1.2513E-06   0.99743
FLUX 1107   6090.00        4.922701E+13   1.2403E-06   1.2434E-06   0.99753
FLUX 1108   6110.00        4.906588E+13   1.2326E-06   1.2356E-06   0.99756
FLUX 1109   6130.00        4.890579E+13   1.2249E-06   1.2278E-06   0.99765
FLUX 1110   6150.00        4.874675E+13   1.2173E-06   1.2201E-06   0.99767
FLUX 1111   6170.00        4.858874E+13   1.2097E-06   1.2125E-06   0.99769
FLUX 1112   6190.00        4.843174E+13   1.2022E-06   1.2050E-06   0.99767
FLUX 1113   6210.00        4.827576E+13   1.1946E-06   1.1975E-06   0.99758
FLUX 1114   6230.00        4.812079E+13   1.1869E-06   1.1902E-06   0.99725
FLUX 1115   6250.00        4.796680E+13   1.1783E-06   1.1828E-06   0.99618
FLUX 1116   6270.00        4.781380E+13   1.1643E-06   1.1756E-06   0.99043
FLUX 1117   6290.00        4.766176E+13   1.1247E-06   1.1684E-06   0.96265
FLUX 1118   6310.00        4.751070E+13   1.1466E-06   1.1612E-06   0.98735
FLUX 1119   6330.00        4.736058E+13   1.1493E-06   1.1542E-06   0.99577
FLUX 1120   6350.00        4.721142E+13   1.1441E-06   1.1472E-06   0.99729
FLUX 1121   6370.00        4.706319E+13   1.1377E-06   1.1403E-06   0.99776
FLUX 1122   6390.00        4.691588E+13   1.1310E-06   1.1334E-06   0.99794
FLUX 1123   6420.00        4.669665E+13   1.1231E-06   1.1232E-06   0.99990
FLUX 1124   6460.00        4.640751E+13   1.1097E-06   1.1098E-06   0.99990
FLUX 1125   6500.00        4.612192E+13   1.0966E-06   1.0967E-06   0.99990
FLUX 1126   6540.00        4.583983E+13   1.0837E-06   1.0838E-06   0.99997
FLUX 1127   6580.00        4.556117E+13   1.0710E-06   1.0711E-06   0.99989
FLUX 1128   6620.00        4.528588E+13   1.0584E-06   1.0586E-06   0.99978
FLUX 1129   6660.00        4.501389E+13   1.0459E-06   1.0464E-06   0.99959
FLUX 1130   6700.00        4.474515E+13   1.0324E-06   1.0343E-06   0.99810
FLUX 1131   6740.00        4.447960E+13   1.0151E-06   1.0225E-06   0.99278
FLUX 1132   6780.00        4.421718E+13   9.8245E-07   1.0109E-06   0.97188
FLUX 1133   6820.00        4.395784E+13   9.9573E-07   9.9945E-07   0.99628
FLUX 1134   6860.00        4.370153E+13   9.8735E-07   9.8821E-07   0.99913
FLUX 1135   6900.00        4.344819E+13   9.7705E-07   9.7716E-07   0.99989
FLUX 1136   6940.00        4.319777E+13   9.6452E-07   9.6630E-07   0.99817
FLUX 1137   6980.00        4.295021E+13   9.5540E-07   9.5561E-07   0.99978
FLUX 1138   7020.00        4.270548E+13   9.4502E-07   9.4510E-07   0.99992
FLUX 1139   7060.00        4.246353E+13   9.3418E-07   9.3477E-07   0.99937
FLUX 1140   7100.00        4.222430E+13   9.2244E-07   9.2460E-07   0.99767
FLUX 1141   7140.00        4.198775E+13   9.1450E-07   9.1460E-07   0.99990
FLUX 1142   7180.00        4.175383E+13   9.0468E-07   9.0475E-07   0.99992
FLUX 1143   7220.00        4.152251E+13   8.9486E-07   8.9507E-07   0.99977
FLUX 1144   7260.00        4.129373E+13   8.8285E-07   8.8554E-07   0.99697
FLUX 1145   7300.00        4.106747E+13   8.7501E-07   8.7616E-07   0.99869
FLUX 1146   7340.00        4.084366E+13   8.6690E-07   8.6693E-07   0.99997
FLUX 1147   7380.00        4.062229E+13   8.5665E-07   8.5784E-07   0.99862
FLUX 1148   7420.00        4.040330E+13   8.4426E-07   8.4892E-07   0.99451
FLUX 1149   7460.00        4.018666E+13   8.1190E-07   8.4014E-07   0.96639
FLUX 1150   7500.00        3.997233E+13   7.9353E-07   8.3150E-07   0.95434
FLUX 1151   7540.00        3.976028E+13   8.1468E-07   8.2298E-07   0.98991
FLUX 1152   7580.00        3.955046E+13   8.1198E-07   8.1460E-07   0.99678
FLUX 1153   7620.00        3.934285E+13   8.0451E-07   8.0635E-07   0.99772
FLUX 1154   7660.00        3.913740E+13   7.9723E-07   7.9821E-07   0.99877
FLUX 1155   7700.00        3.893409E+13   7.8956E-07   7.9020E-07   0.99918
FLUX 1156   7740.00        3.873288E+13   7.8007E-07   7.8231E-07   0.99713
FLUX 1157   7780.00        3.853374E+13   7.6826E-07   7.7454E-07   0.99189
FLUX 1158   7820.00        3.833664E+13   7.6470E-07   7.6688E-07   0.99715
FLUX 1159   7860.00        3.814154E+13   7.5931E-07   7.5934E-07   0.99997
FLUX 1160   7900.00        3.794842E+13   7.5189E-07   7.5191E-07   0.99997
FLUX 1161   7940.00        3.775724E+13   7.4456E-07   7.4458E-07   0.99997
FLUX 1162   7980.00        3.756798E+13   7.3734E-07   7.3736E-07   0.99997
FLUX 1163   8020.00        3.738061E+13   7.3022E-07   7.3024E-07   0.99997
FLUX 1164   8060.00        3.719510E+13   7.2321E-07   7.2323E-07   0.99997
FLUX 1165   8100.00        3.701142E+13   7.1513E-07   7.1632E-07   0.99835
FLUX 1166   8140.00        3.682955E+13   7.0242E-07   7.0950E-07   0.99001
FLUX 1167   8180.00        3.664945E+13   6.9859E-07   7.0278E-07   0.99404
FLUX 1168   8220.00        3.647111E+13   6.9558E-07   6.9616E-07   0.99916
FLUX 1169   8260.00        3.629449E+13   6.8961E-07   6.8963E-07   0.99997
FLUX 1170   8300.00        3.611958E+13   6.8317E-07   6.8319E-07   0.99998
FLUX 1171   8340.00        3.594634E+13   6.7678E-07   6.7684E-07   0.99991
FLUX 1172   8380.00        3.577476E+13   6.7051E-07   6.7058E-07   0.99989
FLUX 1173   8420.00        3.560481E+13   6.6434E-07   6.6440E-07   0.99991
FLUX 1174   8460.00        3.543647E+13   6.5829E-07   6.5831E-07   0.99998
FLUX 1175   8500.00        3.526971E+13   6.5228E-07   6.5230E-07   0.99998
FLUX 1176   8540.00        3.510451E+13   6.4636E-07   6.4637E-07   0.99997
FLUX 1177   8580.00        3.494085E+13   6.4046E-07   6.4052E-07   0.99990
FLUX 1178   8620.00        3.477871E+13   6.3268E-07   6.3476E-07   0.99674
FLUX 1179   8660.00        3.461807E+13   6.1778E-07   6.2906E-07   0.98206
FLUX 1180   8700.00        3.445891E+13   6.1988E-07   6.2345E-07   0.99427
FLUX 1181   8740.00        3.430120E+13   6.0539E-07   6.1791E-07   0.97974
FLUX 1182   8780.00        3.414493E+13   6.0014E-07   6.1244E-07   0.97993
FLUX 1183   8820.00        3.399008E+13   6.0594E-07   6.0704E-07   0.99819
FLUX 1184   8860.00        3.383663E+13   6.0166E-07   6.0172E-07   0.99991
FLUX 1185   8900.00        3.368455E+13   5.9645E-07   5.9646E-07   0.99997
FLUX 1186   8940.00        3.353384E+13   5.9127E-07   5.9128E-07   0.99998
FLUX 1187   8980.00        3.338447E+13   5.8614E-07   5.8616E-07   0.99998
FLUX 1188   9020.00        3.323642E+13   5.8109E-07   5.8110E-07   0.99998
FLUX 1189   9060.00        3.308968E+13   5.7610E-07   5.7611E-07   0.99997
FLUX 1190   9100.00        3.294423E+13   5.7117E-07   5.7119E-07   0.99997
FLUX 1191   9140.00        3.280005E+13   5.6631E-07   5.6632E-07   0.99997
FLUX 1192   9180.00        3.265714E+13   5.6151E-07   5.6152E-07   0.99997
FLUX 1193   9220.00        3.251546E+13   5.5673E-07   5.5678E-07   0.99990
FLUX 1194   9260.00        3.237500E+13   5.5083E-07   5.5210E-07   0.99769
FLUX 1195   9300.00        3.223575E+13   5.4666E-07   5.4748E-07   0.99850
FLUX 1196   9340.00        3.209770E+13   5.4106E-07   5.4292E-07   0.99658
FLUX 1197   9380.00        3.196082E+13   5.2631E-07   5.3841E-07   0.97753
FLUX 1198   9420.00        3.182511E+13   5.2894E-07   5.3396E-07   0.99061
FLUX 1199   9460.00        3.169054E+13   5.2826E-07   5.2956E-07   0.99754
FLUX 1200   9500.00        3.155711E+13   5.2406E-07   5.2522E-07   0.99779
FLUX 1201   9540.00        3.142479E+13   5.1989E-07   5.2092E-07   0.99801
FLUX 1202   9580.00        3.129358E+13   5.1667E-07   5.1669E-07   0.99997
FLUX 1203   9620.00        3.116346E+13   5.1249E-07   5.1250E-07   0.99998
FLUX 1204   9660.00        3.103442E+13   5.0835E-07   5.0836E-07   0.99998
FLUX 1205   9700.00        3.090644E+13   5.0427E-07   5.0428E-07   0.99998
FLUX 1206   9740.00        3.077952E+13   5.0023E-07   5.0024E-07   0.99998
FLUX 1207   9780.00        3.065363E+13   4.9624E-07   4.9625E-07   0.99997
FLUX 1208   9820.00        3.052877E+13   4.9145E-07   4.9231E-07   0.99827
FLUX 1209   9860.00        3.040492E+13   4.8697E-07   4.8841E-07   0.99704
FLUX 1210   9900.00        3.028207E+13   4.8454E-07   4.8456E-07   0.99997
FLUX 1211   9940.00        3.016021E+13   4.8074E-07   4.8075E-07   0.99998
FLUX 1212   9980.00        3.003933E+13   4.7698E-07   4.7699E-07   0.99998
FLUX 1213  10020.00        2.991941E+13   4.7327E-07   4.7328E-07   0.99998
FLUX 1214  20000.00        1.498962E+13   1.2087E-07   1.2087E-07   1.00000
FLUX 1215  40000.00        7.494813E+12   3.0163E-08   3.0163E-08   1.00000
FLUX 1216  60000.00        4.996542E+12   1.3321E-08   1.3321E-08   1.00000
FLUX 1217  80000.00        3.747406E+12   7.4458E-09   7.4458E-09   1.00000
FLUX 1218 100000.00        2.997925E+12   4.7382E-09   4.7382E-09   1.00000
FLUX 1219 120000.00        2.498271E+12   3.2736E-09   3.2736E-09   1.00000
FLUX 1220 140000.00        2.141375E+12   2.3940E-09   2.3940E-09   1.00000
FLUX 1221 160000.00        1.873703E+12   1.8253E-09   1.8253E-09   1.00000
