 1150.0  0.000000  0.000000 -0.000000  0.000000
 1155.0  0.000000  0.000000 -0.000000  0.000000
 1160.0  0.000000  0.000000 -0.000000  0.000000
 1165.0  0.000000  0.000000 -0.000000  0.000000
 1170.0  0.000000  0.000000 -0.000000  0.000000
 1175.0  0.000000  0.000000 -0.000000  0.000000
 1180.0  0.000000  0.000000 -0.000000  0.000000
 1185.0  0.000000  0.000000 -0.000000  0.000000
 1190.0  0.000000  0.000000 -0.000000  0.000000
 1195.0  0.000000  0.000000 -0.000000  0.000000
 1200.0  0.000000  0.000000  0.000000  0.000000
 1205.0  0.000000  0.000000  0.000000  0.000000
 1210.0  0.000000  0.000000  0.000000  0.000000
 1215.0  0.000000  0.000000  0.000000  0.000000
 1220.0  0.000000  0.000000  0.000000  0.000000
 1225.0  0.000000  0.000000  0.000000  0.000000
 1230.0  0.000000  0.000000  0.000000  0.000000
 1235.0  0.000000  0.000000  0.000000  0.000000
 1240.0  0.000000  0.000000  0.000000  0.000000
 1245.0  0.000000  0.000000  0.000000  0.000000
 1250.0  0.000000  0.000000  0.000000  0.000000
 1255.0  0.000000  0.000000 -0.000000  0.000000
 1260.0  0.000000  0.000000 -0.000000  0.000000
 1265.0  0.000000  0.000000 -0.000000  0.000000
 1270.0  0.000000  0.000000 -0.000000  0.000000
 1275.0  0.000000  0.000000 -0.000000  0.000000
 1280.0  0.000000  0.000000 -0.000000  0.000000
 1285.0  0.000000  0.000000 -0.000000  0.000000
 1290.0  0.000000  0.000000 -0.000000  0.000000
 1295.0  0.000000  0.000000 -0.000000  0.000000
 1300.0  0.000000  0.000000  0.000000  0.000000
 1305.0  0.000000  0.000000  0.000000  0.000000
 1310.0  0.000000  0.000000  0.000000  0.000000
 1315.0  0.000000  0.000000  0.000000  0.000000
 1320.0  0.000000  0.000000  0.000000  0.000000
 1325.0  0.000000  0.000000  0.000000  0.000000
 1330.0  0.000000  0.000000  0.000000  0.000000
 1335.0  0.000000  0.000000  0.000000  0.000000
 1340.0  0.000000  0.000000  0.000000  0.000000
 1345.0  0.000000  0.000000  0.000000  0.000000
 1350.0  0.000000  0.000000  0.000000  0.000000
 1355.0  0.000000  0.000000 -0.000000  0.000000
 1360.0  0.000000  0.000000 -0.000000  0.000000
 1365.0  0.000000  0.000000 -0.000000  0.000000
 1370.0  0.000000  0.000000 -0.000000  0.000000
 1375.0  0.000000  0.000000 -0.000000  0.000000
 1380.0  0.000000  0.000000 -0.000000  0.000000
 1385.0  0.000000  0.000000 -0.000000  0.000000
 1390.0  0.000000  0.000000 -0.000000  0.000000
 1395.0  0.000000  0.000000 -0.000000  0.000000
 1400.0  0.000000  0.000000  0.000000  0.000000
 1405.0  0.000000  0.000000  0.000000  0.000000
 1410.0  0.000000  0.000000  0.000000  0.000000
 1415.0  0.000000  0.000000  0.000000  0.000000
 1420.0  0.000000  0.000000  0.000000  0.000000
 1425.0  0.000000  0.000000  0.000000  0.000000
 1430.0  0.000000  0.000000  0.000000  0.000000
 1435.0  0.000000  0.000000  0.000000  0.000000
 1440.0  0.000000  0.000000  0.000000  0.000000
 1445.0  0.000000  0.000000  0.000000  0.000000
 1450.0  0.000000  0.000000  0.000000  0.000000
 1455.0  0.000000  0.000000 -0.000000  0.000000
 1460.0  0.000000  0.000000 -0.000000  0.000000
 1465.0  0.000000  0.000000 -0.000000  0.000000
 1470.0  0.000000  0.000000 -0.000000  0.000000
 1475.0  0.000000  0.000000 -0.000000  0.000000
 1480.0  0.000000  0.000000 -0.000000  0.000000
 1485.0  0.000000  0.000000 -0.000000  0.000000
 1490.0  0.000000  0.000000 -0.000000  0.000000
 1495.0  0.000000  0.000000 -0.000000  0.000000
 1500.0  0.000000  0.000000  0.000000  0.000000
 1505.0  0.000000  0.000000  0.000000  0.000000
 1510.0  0.000000  0.000000  0.000000  0.000000
 1515.0  0.000000  0.000000  0.000000  0.000000
 1520.0  0.000000  0.000000  0.000000  0.000000
 1525.0  0.000000  0.000000  0.000000  0.000000
 1530.0  0.000000  0.000000  0.000000  0.000000
 1535.0  0.000000  0.000000  0.000000  0.000000
 1540.0  0.000000  0.000000  0.000000  0.000000
 1545.0  0.000000  0.000000  0.000000  0.000000
 1550.0  0.000000  0.000000  0.000000  0.000000
 1555.0  0.000000  0.000000 -0.000000  0.000000
 1560.0  0.000000  0.000000 -0.000000  0.000000
 1565.0  0.000000  0.000000 -0.000000  0.000000
 1570.0  0.000000  0.000000 -0.000000  0.000000
 1575.0  0.000000  0.000000 -0.000000  0.000000
 1580.0  0.000000  0.000000 -0.000000  0.000000
 1585.0  0.000000  0.000000 -0.000000  0.000000
 1590.0  0.000000  0.000000 -0.000000  0.000000
 1595.0  0.000000  0.000000 -0.000000  0.000000
 1600.0  0.000000  0.000000  0.000000  0.000000
 1605.0  0.000000  0.000000  0.000000  0.000000
 1610.0  0.000000  0.000000  0.000000  0.000000
 1615.0  0.000000  0.000000  0.000000  0.000000
 1620.0  0.000000  0.000000  0.000000  0.000000
 1625.0  0.000000  0.000000  0.000000  0.000000
 1630.0  0.000000  0.000000  0.000000  0.000000
 1635.0  0.000000  0.000000  0.000000  0.000000
 1640.0  0.000000  0.000000  0.000000  0.000000
 1645.0  0.000000  0.000000  0.000000  0.000000
 1650.0  0.000000  0.000000  0.000000  0.000000
 1655.0  0.000000  0.000000 -0.000000  0.000000
 1660.0  0.000000  0.000000 -0.000000  0.000000
 1665.0  0.000000  0.000000 -0.000000  0.000000
 1670.0  0.000000  0.000000 -0.000000  0.000000
 1675.0  0.000000  0.000000 -0.000000  0.000000
 1680.0  0.000000  0.000000 -0.000000  0.000000
 1685.0  0.000000  0.000000 -0.000000  0.000000
 1690.0  0.000000  0.000000 -0.000000  0.000000
 1695.0  0.000000  0.000000 -0.000000  0.000000
 1700.0  0.000000  0.000000  0.000000  0.000000
 1705.0  0.000000  0.000000  0.000000  0.000000
 1710.0  0.000000  0.000000  0.000000  0.000000
 1715.0  0.000000  0.000000  0.000000  0.000000
 1720.0  0.000000  0.000000  0.000000  0.000000
 1725.0  0.000000  0.000000  0.000000  0.000000
 1730.0  0.000000  0.000000  0.000000  0.000000
 1735.0  0.000000  0.000000  0.000000  0.000000
 1740.0  0.000000  0.000000  0.000000  0.000000
 1745.0  0.000000  0.000000  0.000000  0.000000
 1750.0  0.000000  0.000000  0.000000  0.000000
 1755.0  0.000000  0.000000 -0.000000  0.000000
 1760.0  0.000000  0.000000 -0.000000  0.000000
 1765.0  0.000000  0.000000 -0.000000  0.000000
 1770.0  0.000000  0.000000 -0.000000  0.000000
 1775.0  0.000000  0.000000 -0.000000  0.000000
 1780.0  0.000000  0.000000 -0.000000  0.000000
 1785.0  0.000000  0.000000 -0.000000  0.000000
 1790.0  0.000000  0.000000 -0.000000  0.000000
 1795.0  0.000000  0.000000 -0.000000  0.000000
 1800.0  0.000000  0.000000  0.000000  0.000000
 1805.0  0.000000  0.000000  0.000000  0.000000
 1810.0  0.000000  0.000000  0.000000  0.000000
 1815.0  0.000000  0.000000  0.000000  0.000000
 1820.0  0.000000  0.000000  0.000000  0.000000
 1825.0  0.000000  0.000000  0.000000  0.000000
 1830.0  0.000000  0.000000  0.000000  0.000000
 1835.0  0.000000  0.000000  0.000000  0.000000
 1840.0  0.000000  0.000000  0.000000  0.000000
 1845.0  0.000000  0.000000  0.000000  0.000000
 1850.0  0.000000  0.000000  0.000000  0.000000
 1855.0  0.000000  0.000000 -0.000000  0.000000
 1860.0  0.000000  0.000000 -0.000000  0.000000
 1865.0  0.000000  0.000000 -0.000000  0.000000
 1870.0  0.000000  0.000000 -0.000000  0.000000
 1875.0  0.000000  0.000000 -0.000000  0.000000
 1880.0  0.000000  0.000000 -0.000000  0.000000
 1885.0  0.000000  0.000000 -0.000000  0.000000
 1890.0  0.000000  0.000000 -0.000000  0.000000
 1895.0  0.000000  0.000000 -0.000000  0.000000
 1900.0  0.000000  0.000000  0.000000  0.000000
 1905.0  0.000000  0.000000  0.000000  0.000000
 1910.0  0.000000  0.000000  0.000000  0.000000
 1915.0  0.000000  0.000000  0.000000  0.000000
 1920.0  0.000000  0.000000  0.000000  0.000000
 1925.0  0.000000  0.000000  0.000000  0.000000
 1930.0  0.000000  0.000000  0.000000  0.000000
 1935.0  0.000000  0.000000  0.000000  0.000000
 1940.0  0.000000  0.000000  0.000000  0.000000
 1945.0  0.000000  0.000000  0.000000  0.000000
 1950.0  0.000000  0.000000  0.000000  0.000000
 1955.0  0.000000  0.000000 -0.000000  0.000000
 1960.0  0.000000  0.000000 -0.000000  0.000000
 1965.0  0.000000  0.000000 -0.000000  0.000000
 1970.0  0.000000  0.000000 -0.000000  0.000000
 1975.0  0.000000  0.000000 -0.000000  0.000000
 1980.0  0.000000  0.000000 -0.000000  0.000000
 1985.0  0.000000  0.000000 -0.000000  0.000000
 1990.0  0.000000  0.000000 -0.000000  0.000000
 1995.0  0.000000  0.000000 -0.000000  0.000000
 2000.0  0.000000  0.000000  0.000000  0.000000
 2005.0  0.000000  0.000000  0.000000  0.000000
 2010.0  0.000000  0.000000  0.000000  0.000000
 2015.0  0.000000  0.000000  0.000000  0.000000
 2020.0  0.000000  0.000000  0.000000  0.000000
 2025.0  0.000000  0.000000  0.000000  0.000000
 2030.0  0.000000  0.000000  0.000000  0.000000
 2035.0  0.000000  0.000000  0.000000  0.000000
 2040.0  0.000000  0.000000  0.000000  0.000000
 2045.0  0.000000  0.000000  0.000000  0.000000
 2050.0  0.000000  0.000000  0.000000  0.000000
 2055.0  0.000000  0.000000 -0.000000  0.000000
 2060.0  0.000000  0.000000 -0.000000  0.000000
 2065.0  0.000000  0.000000 -0.000000  0.000000
 2070.0  0.000000  0.000000 -0.000000  0.000000
 2075.0  0.000000  0.000000 -0.000000  0.000000
 2080.0  0.000000  0.000000 -0.000000  0.000000
 2085.0  0.000000  0.000000 -0.000000  0.000000
 2090.0  0.000000  0.000000 -0.000000  0.000000
 2095.0  0.000000  0.000000 -0.000000  0.000000
 2100.0  0.000000  0.000000  0.000000  0.000000
 2105.0  0.000000  0.000000  0.000000  0.000000
 2110.0  0.000000  0.000000  0.000000  0.000000
 2115.0  0.000000  0.000000  0.000000  0.000000
 2120.0  0.000000  0.000000  0.000000  0.000000
 2125.0  0.000000  0.000000  0.000000  0.000000
 2130.0  0.000000  0.000000  0.000000  0.000000
 2135.0  0.000000  0.000000  0.000000  0.000000
 2140.0  0.000000  0.000000  0.000000  0.000000
 2145.0  0.000000  0.000000  0.000000  0.000000
 2150.0  0.000000  0.000000  0.000000  0.000000
 2155.0  0.000000  0.000000 -0.000000  0.000000
 2160.0  0.000000  0.000000 -0.000000  0.000000
 2165.0  0.000000  0.000000 -0.000000  0.000000
 2170.0  0.000000  0.000000 -0.000000  0.000000
 2175.0  0.000000  0.000000 -0.000000  0.000000
 2180.0  0.000000  0.000000 -0.000000  0.000000
 2185.0  0.000000  0.000000 -0.000000  0.000000
 2190.0  0.000000  0.000000 -0.000000  0.000000
 2195.0  0.000000  0.000000 -0.000000  0.000000
 2200.0  0.000000  0.000000  0.000000  0.000000
 2205.0  0.000000  0.000000  0.000000  0.000000
 2210.0  0.000000  0.000000  0.000000  0.000000
 2215.0  0.000000  0.000000  0.000000  0.000000
 2220.0  0.000000  0.000000  0.000000  0.000000
 2225.0  0.000000  0.000000  0.000000  0.000000
 2230.0  0.000000  0.000000  0.000000  0.000000
 2235.0  0.000000  0.000000  0.000000  0.000000
 2240.0  0.000000  0.000000  0.000000  0.000000
 2245.0  0.000000  0.000000  0.000000  0.000000
 2250.0  0.000000  0.000000  0.000000  0.000000
 2255.0  0.000000  0.000000 -0.000000  0.000000
 2260.0  0.000000  0.000000 -0.000000  0.000000
 2265.0  0.000000  0.000000 -0.000000  0.000000
 2270.0  0.000000  0.000000 -0.000000  0.000000
 2275.0  0.000000  0.000000 -0.000000  0.000000
 2280.0  0.000000  0.000000 -0.000000  0.000000
 2285.0  0.000000  0.000000 -0.000000  0.000000
 2290.0  0.000000  0.000000 -0.000000  0.000000
 2295.0  0.000000  0.000000 -0.000000  0.000000
 2300.0  0.000000  0.000000  0.000000  0.000000
 2305.0  0.000000  0.000000  0.000000  0.000000
 2310.0  0.000000  0.000000  0.000000  0.000000
 2315.0  0.000000  0.000000  0.000000  0.000000
 2320.0  0.000000  0.000000  0.000000  0.000000
 2325.0  0.000000  0.000000  0.000000  0.000000
 2330.0  0.000000  0.000000  0.000000  0.000000
 2335.0  0.000000  0.000000  0.000000  0.000000
 2340.0  0.000000  0.000000  0.000000  0.000000
 2345.0  0.000000  0.000000  0.000000  0.000000
 2350.0  0.000000  0.000000  0.000000  0.000000
 2355.0  0.000000  0.000000 -0.000000  0.000000
 2360.0  0.000000  0.000000 -0.000001  0.000000
 2365.0  0.000000  0.000000 -0.000001  0.000000
 2370.0  0.000000  0.000000 -0.000001  0.000000
 2375.0  0.000000  0.000000 -0.000001  0.000000
 2380.0  0.000000  0.000000 -0.000001  0.000000
 2385.0  0.000000  0.000000 -0.000001  0.000000
 2390.0  0.000000  0.000000 -0.000001  0.000000
 2395.0  0.000000  0.000000 -0.000001  0.000000
 2400.0  0.000000  0.000000  0.000000  0.000000
 2405.0  0.000001  0.000000  0.000001  0.000000
 2410.0  0.000002  0.000000  0.000002  0.000000
 2415.0  0.000003  0.000000  0.000003  0.000000
 2420.0  0.000004  0.000000  0.000004  0.000000
 2425.0  0.000005  0.000000  0.000005  0.000000
 2430.0  0.000005  0.000000  0.000005  0.000000
 2435.0  0.000005  0.000000  0.000005  0.000000
 2440.0  0.000004  0.000000  0.000004  0.000000
 2445.0  0.000003  0.000000  0.000003  0.000000
 2450.0  0.000000  0.000000  0.000000  0.000000
 2455.0  0.000000  0.000000 -0.000004  0.000000
 2460.0  0.000000  0.000000 -0.000008  0.000000
 2465.0  0.000000  0.000000 -0.000012  0.000000
 2470.0  0.000000  0.000000 -0.000016  0.000000
 2475.0  0.000000  0.000000 -0.000019  0.000000
 2480.0  0.000000  0.000000 -0.000020  0.000000
 2485.0  0.000000  0.000000 -0.000020  0.000000
 2490.0  0.000000  0.000000 -0.000016  0.000000
 2495.0  0.000000  0.000000 -0.000010  0.000000
 2500.0  0.000000  0.000000  0.000000  0.000000
 2505.0  0.000014  0.000000  0.000014  0.000000
 2510.0  0.000030  0.000000  0.000030  0.000000
 2515.0  0.000046  0.000000  0.000046  0.000000
 2520.0  0.000060  0.000000  0.000060  0.000000
 2525.0  0.000071  0.000000  0.000071  0.000000
 2530.0  0.000076  0.000000  0.000076  0.000000
 2535.0  0.000073  0.000000  0.000073  0.000000
 2540.0  0.000061  0.000000  0.000061  0.000000
 2545.0  0.000037  0.000000  0.000037  0.000000
 2550.0  0.000000  0.000000  0.000000  0.000000
 2555.0  0.000000  0.000000 -0.000051  0.000000
 2560.0  0.000000  0.000000 -0.000110  0.000000
 2565.0  0.000000  0.000000 -0.000171  0.000000
 2570.0  0.000000  0.000000 -0.000224  0.000000
 2575.0  0.000000  0.000000 -0.000264  0.000000
 2580.0  0.000000  0.000000 -0.000283  0.000000
 2585.0  0.000000  0.000000 -0.000273  0.000000
 2590.0  0.000000  0.000000 -0.000227  0.000000
 2595.0  0.000000  0.000000 -0.000139  0.000000
 2600.0  0.000000  0.000000  0.000000  0.000000
 2605.0  0.000195  0.000000  0.000195  0.000000
 2610.0  0.000443  0.000000  0.000443  0.000000
 2615.0  0.000741  0.000000  0.000741  0.000000
 2620.0  0.001085  0.000000  0.001085  0.000000
 2625.0  0.001471  0.000000  0.001471  0.000000
 2630.0  0.001895  0.000000  0.001895  0.000000
 2635.0  0.002353  0.000000  0.002353  0.000000
 2640.0  0.002840  0.000000  0.002840  0.000000
 2645.0  0.003354  0.000000  0.003354  0.000000
 2650.0  0.003890  0.000000  0.003890  0.000000
 2655.0  0.004443  0.000000  0.004443  0.000000
 2660.0  0.005005  0.000000  0.005005  0.000000
 2665.0  0.005567  0.000000  0.005567  0.000000
 2670.0  0.006120  0.000000  0.006120  0.000000
 2675.0  0.006656  0.000000  0.006656  0.000000
 2680.0  0.007165  0.000000  0.007165  0.000000
 2685.0  0.007638  0.000000  0.007638  0.000000
 2690.0  0.008066  0.000000  0.008066  0.000000
 2695.0  0.008440  0.000000  0.008440  0.000000
 2700.0  0.008752  0.000000  0.008752  0.000000
 2705.0  0.008994  0.000000  0.008994  0.000000
 2710.0  0.009170  0.000000  0.009170  0.000000
 2715.0  0.009283  0.000000  0.009283  0.000000
 2720.0  0.009340  0.000000  0.009340  0.000000
 2725.0  0.009344  0.000000  0.009344  0.000000
 2730.0  0.009301  0.000000  0.009301  0.000000
 2735.0  0.009215  0.000000  0.009215  0.000000
 2740.0  0.009092  0.000000  0.009092  0.000000
 2745.0  0.008936  0.000000  0.008936  0.000000
 2750.0  0.008752  0.000000  0.008752  0.000000
 2755.0  0.008546  0.000000  0.008546  0.000000
 2760.0  0.008323  0.000000  0.008323  0.000000
 2765.0  0.008092  0.000000  0.008092  0.000000
 2770.0  0.007858  0.000000  0.007858  0.000000
 2775.0  0.007630  0.000000  0.007630  0.000000
 2780.0  0.007414  0.000000  0.007414  0.000000
 2785.0  0.007216  0.000000  0.007216  0.000000
 2790.0  0.007045  0.000000  0.007045  0.000000
 2795.0  0.006906  0.000000  0.006906  0.000000
 2800.0  0.006807  0.000000  0.006807  0.000000
 2805.0  0.006756  0.000000  0.006756  0.000000
 2810.0  0.006766  0.000000  0.006766  0.000000
 2815.0  0.006851  0.000000  0.006851  0.000000
 2820.0  0.007024  0.000000  0.007024  0.000000
 2825.0  0.007300  0.000000  0.007300  0.000000
 2830.0  0.007691  0.000000  0.007691  0.000000
 2835.0  0.008213  0.000000  0.008213  0.000000
 2840.0  0.008879  0.000000  0.008879  0.000000
 2845.0  0.009702  0.000000  0.009702  0.000000
 2850.0  0.010697  0.000000  0.010697  0.000000
 2855.0  0.011871  0.000000  0.011871  0.000000
 2860.0  0.013202  0.000000  0.013202  0.000000
 2865.0  0.014665  0.000000  0.014665  0.000000
 2870.0  0.016230  0.000000  0.016230  0.000000
 2875.0  0.017872  0.000000  0.017872  0.000000
 2880.0  0.019561  0.000000  0.019561  0.000000
 2885.0  0.021272  0.000000  0.021272  0.000000
 2890.0  0.022976  0.000000  0.022976  0.000000
 2895.0  0.024647  0.000000  0.024647  0.000000
 2900.0  0.026256  0.000000  0.026256  0.000000
 2905.0  0.027778  0.000000  0.027778  0.000000
 2910.0  0.029190  0.000000  0.029190  0.000000
 2915.0  0.030471  0.000000  0.030471  0.000000
 2920.0  0.031601  0.000000  0.031601  0.000000
 2925.0  0.032559  0.000000  0.032559  0.000000
 2930.0  0.033324  0.000000  0.033324  0.000000
 2935.0  0.033875  0.000000  0.033875  0.000000
 2940.0  0.034191  0.000000  0.034191  0.000000
 2945.0  0.034252  0.000000  0.034252  0.000000
 2950.0  0.034036  0.000000  0.034036  0.000000
 2955.0  0.033536  0.000000  0.033536  0.000000
 2960.0  0.032804  0.000000  0.032804  0.000000
 2965.0  0.031902  0.000000  0.031902  0.000000
 2970.0  0.030896  0.000000  0.030896  0.000000
 2975.0  0.029849  0.000000  0.029849  0.000000
 2980.0  0.028826  0.000000  0.028826  0.000000
 2985.0  0.027891  0.000000  0.027891  0.000000
 2990.0  0.027108  0.000000  0.027108  0.000000
 2995.0  0.026542  0.000000  0.026542  0.000000
 3000.0  0.026256  0.000000  0.026256  0.000000
 3005.0  0.026297  0.000000  0.026297  0.000000
 3010.0  0.026640  0.000000  0.026640  0.000000
 3015.0  0.027241  0.000000  0.027241  0.000000
 3020.0  0.028056  0.000000  0.028056  0.000000
 3025.0  0.029042  0.000000  0.029042  0.000000
 3030.0  0.030155  0.000000  0.030155  0.000000
 3035.0  0.031351  0.000000  0.031351  0.000000
 3040.0  0.032588  0.000000  0.032588  0.000000
 3045.0  0.033822  0.000000  0.033822  0.000000
 3050.0  0.035008  0.000000  0.035008  0.000000
 3055.0  0.036113  0.000000  0.036113  0.000000
 3060.0  0.037139  0.000000  0.037139  0.000000
 3065.0  0.038095  0.000000  0.038095  0.000000
 3070.0  0.038993  0.000000  0.038993  0.000000
 3075.0  0.039844  0.000000  0.039844  0.000000
 3080.0  0.040658  0.000000  0.040658  0.000000
 3085.0  0.041445  0.000000  0.041445  0.000000
 3090.0  0.042218  0.000000  0.042218  0.000000
 3095.0  0.042986  0.000000  0.042986  0.000000
 3100.0  0.043760  0.000000  0.043760  0.000000
 3105.0  0.044550  0.000000  0.044550  0.000000
 3110.0  0.045356  0.000000  0.045356  0.000000
 3115.0  0.046181  0.000000  0.046181  0.000000
 3120.0  0.047025  0.000000  0.047025  0.000000
 3125.0  0.047888  0.000000  0.047888  0.000000
 3130.0  0.048771  0.000000  0.048771  0.000000
 3135.0  0.049674  0.000000  0.049674  0.000000
 3140.0  0.050598  0.000000  0.050598  0.000000
 3145.0  0.051544  0.000000  0.051544  0.000000
 3150.0  0.052512  0.000000  0.052512  0.000000
 3155.0  0.053500  0.000000  0.053500  0.000000
 3160.0  0.049456  0.007121  0.054491  0.044421
 3165.0  0.058733  0.004619  0.055467  0.061999
 3170.0  0.062833  0.009084  0.056410  0.069256
 3175.0  0.058762  0.002069  0.057299  0.060226
 3180.0  0.052240  0.008311  0.058117  0.046364
 3185.0  0.050006  0.012498  0.058844  0.041169
 3190.0  0.054177  0.007473  0.059461  0.048893
 3195.0  0.064032  0.005772  0.059950  0.068113
 3200.0  0.083967  0.000000  0.000000  0.083967
 3205.0  0.083585  0.000000  0.000000  0.083585
 3210.0  0.075527  0.000000  0.000000  0.075527
 3215.0  0.070428  0.000000  0.000000  0.070428
 3220.0  0.065803  0.000000  0.000000  0.065803
 3225.0  0.057658  0.000000  0.000000  0.057658
 3230.0  0.049096  0.000000  0.000000  0.049096
 3235.0  0.044492  0.000000  0.000000  0.044492
 3240.0  0.046233  0.000000  0.000000  0.046233
 3245.0  0.054462  0.000000  0.000000  0.054462
 3250.0  0.062349  0.000000  0.000000  0.062349
 3255.0  0.064618  0.000000  0.000000  0.064618
 3260.0  0.069195  0.000000  0.000000  0.069195
 3265.0  0.082946  0.000000  0.000000  0.082946
 3270.0  0.095301  0.000000  0.000000  0.095301
 3275.0  0.095658  0.000000  0.000000  0.095658
 3280.0  0.090719  0.000000  0.000000  0.090719
 3285.0  0.089486  0.000000  0.000000  0.089486
 3290.0  0.092871  0.000000  0.000000  0.092871
 3295.0  0.098524  0.000000  0.000000  0.098524
 3300.0  0.099146  0.000000  0.000000  0.099146
 3305.0  0.090000  0.000000  0.000000  0.090000
 3310.0  0.081556  0.000000  0.000000  0.081556
 3315.0  0.083715  0.000000  0.000000  0.083715
 3320.0  0.088913  0.000000  0.000000  0.088913
 3325.0  0.088433  0.000000  0.000000  0.088433
 3330.0  0.086405  0.000000  0.000000  0.086405
 3335.0  0.088430  0.000000  0.000000  0.088430
 3340.0  0.093118  0.000000  0.000000  0.093118
 3345.0  0.097291  0.000000  0.000000  0.097291
 3350.0  0.097602  0.000000  0.000000  0.097602
 3355.0  0.091525  0.000000  0.000000  0.091525
 3360.0  0.080006  0.000000  0.000000  0.080006
 3365.0  0.066552  0.000000  0.000000  0.066552
 3370.0  0.061457  0.000000  0.000000  0.061457
 3375.0  0.071979  0.000000  0.000000  0.071979
 3380.0  0.086450  0.000000  0.000000  0.086450
 3385.0  0.092544  0.000000  0.000000  0.092544
 3390.0  0.094209  0.000000  0.000000  0.094209
 3395.0  0.097440  0.000000  0.000000  0.097440
 3400.0  0.100144  0.000000  0.000000  0.100144
 3405.0  0.099752  0.000000  0.000000  0.099752
 3410.0  0.099867  0.000000  0.000000  0.099867
 3415.0  0.104213  0.000000  0.000000  0.104213
 3420.0  0.110800  0.000000  0.000000  0.110800
 3425.0  0.115681  0.000000  0.000000  0.115681
 3430.0  0.112771  0.000000  0.000000  0.112771
 3435.0  0.098970  0.000000  0.000000  0.098970
 3440.0  0.085239  0.000000  0.000000  0.085239
 3445.0  0.082788  0.000000  0.000000  0.082788
 3450.0  0.089749  0.000000  0.000000  0.089749
 3455.0  0.100500  0.000000  0.000000  0.100500
 3460.0  0.107467  0.000000  0.000000  0.107467
 3465.0  0.105433  0.000000  0.000000  0.105433
 3470.0  0.100549  0.000000  0.000000  0.100549
 3475.0  0.099530  0.000000  0.000000  0.099530
 3480.0  0.099971  0.000000  0.000000  0.099971
 3485.0  0.098975  0.000000  0.000000  0.098975
 3490.0  0.100796  0.000000  0.000000  0.100796
 3495.0  0.108931  0.000000  0.000000  0.108931
 3500.0  0.116690  0.000000  0.000000  0.116690
 3505.0  0.117395  0.000000  0.000000  0.117395
 3510.0  0.114589  0.000000  0.000000  0.114589
 3515.0  0.112815  0.000000  0.000000  0.112815
 3520.0  0.110400  0.000000  0.000000  0.110400
 3525.0  0.106257  0.000000  0.000000  0.106257
 3530.0  0.107883  0.000000  0.000000  0.107883
 3535.0  0.120508  0.000000  0.000000  0.120508
 3540.0  0.131710  0.000000  0.000000  0.131710
 3545.0  0.129337  0.000000  0.000000  0.129337
 3550.0  0.119980  0.000000  0.000000  0.119980
 3555.0  0.112478  0.000000  0.000000  0.112478
 3560.0  0.105920  0.000000  0.000000  0.105920
 3565.0  0.097755  0.000000  0.000000  0.097755
 3570.0  0.088625  0.000000  0.000000  0.088625
 3575.0  0.080593  0.000000  0.000000  0.080593
 3580.0  0.078213  0.000000  0.000000  0.078213
 3585.0  0.084944  0.000000  0.000000  0.084944
 3590.0  0.097378  0.000000  0.000000  0.097378
 3595.0  0.110308  0.000000  0.000000  0.110308
 3600.0  0.118204  0.000000  0.000000  0.118204
 3605.0  0.118016  0.000000  0.000000  0.118016
 3610.0  0.116950  0.000000  0.000000  0.116950
 3615.0  0.122321  0.000000  0.000000  0.122321
 3620.0  0.131632  0.000000  0.000000  0.131632
 3625.0  0.140150  0.000000  0.000000  0.140150
 3630.0  0.143996  0.000000  0.000000  0.143996
 3635.0  0.141871  0.000000  0.000000  0.141871
 3640.0  0.141949  0.000000  0.000000  0.141949
 3645.0  0.151544  0.000000  0.000000  0.151544
 3650.0  0.165061  0.000000  0.000000  0.165061
 3655.0  0.175275  0.000000  0.000000  0.175275
 3660.0  0.181356  0.000000  0.000000  0.181356
 3665.0  0.183556  0.000000  0.000000  0.183556
 3670.0  0.180055  0.000000  0.000000  0.180055
 3675.0  0.170480  0.000000  0.000000  0.170480
 3680.0  0.162325  0.000000  0.000000  0.162325
 3685.0  0.162201  0.000000  0.000000  0.162201
 3690.0  0.165331  0.000000  0.000000  0.165331
 3695.0  0.165661  0.000000  0.000000  0.165661
 3700.0  0.163405  0.000000  0.000000  0.163405
 3705.0  0.159925  0.000000  0.000000  0.159925
 3710.0  0.154879  0.000000  0.000000  0.154879
 3715.0  0.147551  0.000000  0.000000  0.147551
 3720.0  0.137440  0.000000  0.000000  0.137440
 3725.0  0.124830  0.000000  0.000000  0.124830
 3730.0  0.112952  0.000000  0.000000  0.112952
 3735.0  0.105326  0.000000  0.000000  0.105326
 3740.0  0.103682  0.000000  0.000000  0.103682
 3745.0  0.108367  0.000000  0.000000  0.108367
 3750.0  0.115969  0.000000  0.000000  0.115969
 3755.0  0.123159  0.000000  0.000000  0.123159
 3760.0  0.130686  0.000000  0.000000  0.130686
 3765.0  0.140160  0.000000  0.000000  0.140160
 3770.0  0.152556  0.000000  0.000000  0.152556
 3775.0  0.166534  0.000000  0.000000  0.166534
 3780.0  0.172135  0.000000  0.000000  0.172135
 3785.0  0.161867  0.000000  0.000000  0.161867
 3790.0  0.146722  0.000000  0.000000  0.146722
 3795.0  0.139003  0.000000  0.000000  0.139003
 3800.0  0.137786  0.000000  0.000000  0.137786
 3805.0  0.138152  0.000000  0.000000  0.138152
 3810.0  0.132440  0.000000  0.000000  0.132440
 3815.0  0.115638  0.000000  0.000000  0.115638
 3820.0  0.096080  0.000000  0.000000  0.096080
 3825.0  0.083829  0.000000  0.000000  0.083829
 3830.0  0.082527  0.000000  0.000000  0.082527
 3835.0  0.091754  0.000000  0.000000  0.091754
 3840.0  0.101292  0.000000  0.000000  0.101292
 3845.0  0.102007  0.000000  0.000000  0.102007
 3850.0  0.098925  0.000000  0.000000  0.098925
 3855.0  0.098733  0.000000  0.000000  0.098733
 3860.0  0.100631  0.000000  0.000000  0.100631
 3865.0  0.102457  0.000000  0.000000  0.102457
 3870.0  0.104088  0.000000  0.000000  0.104088
 3875.0  0.106775  0.000000  0.000000  0.106775
 3880.0  0.115211  0.000000  0.000000  0.115211
 3885.0  0.132590  0.000000  0.000000  0.132590
 3890.0  0.152664  0.000000  0.000000  0.152664
 3895.0  0.168265  0.000000  0.000000  0.168265
 3900.0  0.177970  0.000000  0.000000  0.177970
 3905.0  0.181772  0.000000  0.000000  0.181772
 3910.0  0.179572  0.000000  0.000000  0.179572
 3915.0  0.170807  0.000000  0.000000  0.170807
 3920.0  0.153142  0.000000  0.000000  0.153142
 3925.0  0.126978  0.000000  0.000000  0.126978
 3930.0  0.105439  0.000000  0.000000  0.105439
 3935.0  0.102323  0.000000  0.000000  0.102323
 3940.0  0.121403  0.000000  0.000000  0.121403
 3945.0  0.158309  0.000000  0.000000  0.158309
 3950.0  0.186128  0.000000  0.000000  0.186128
 3955.0  0.181516  0.000000  0.000000  0.181516
 3960.0  0.157970  0.000000  0.000000  0.157970
 3965.0  0.138213  0.000000  0.000000  0.138213
 3970.0  0.145032  0.000000  0.000000  0.145032
 3975.0  0.191081  0.000000  0.000000  0.191081
 3980.0  0.248416  0.000000  0.000000  0.248416
 3985.0  0.287088  0.000000  0.000000  0.287088
 3990.0  0.309727  0.000000  0.000000  0.309727
 3995.0  0.325845  0.000000  0.000000  0.325845
 4000.0  0.339920  0.000000  0.000000  0.339920
 4005.0  0.354589  0.000000  0.000000  0.354589
 4010.0  0.370173  0.000000  0.000000  0.370173
 4015.0  0.385041  0.000000  0.000000  0.385041
 4020.0  0.392073  0.000000  0.000000  0.392073
 4025.0  0.385630  0.000000  0.000000  0.385630
 4030.0  0.371495  0.000000  0.000000  0.371495
 4035.0  0.357692  0.000000  0.000000  0.357692
 4040.0  0.349783  0.000000  0.000000  0.349783
 4045.0  0.350959  0.000000  0.000000  0.350959
 4050.0  0.357390  0.000000  0.000000  0.357390
 4055.0  0.363376  0.000000  0.000000  0.363376
 4060.0  0.362745  0.000000  0.000000  0.362745
 4065.0  0.353605  0.000000  0.000000  0.353605
 4070.0  0.351648  0.000000  0.000000  0.351648
 4075.0  0.370145  0.000000  0.000000  0.370145
 4080.0  0.395088  0.000000  0.000000  0.395088
 4085.0  0.409101  0.000000  0.000000  0.409101
 4090.0  0.408610  0.000000  0.000000  0.408610
 4095.0  0.395835  0.000000  0.000000  0.395835
 4100.0  0.382357  0.000000  0.000000  0.382357
 4105.0  0.378506  0.000000  0.000000  0.378506
 4110.0  0.380245  0.000000  0.000000  0.380245
 4115.0  0.381434  0.000000  0.000000  0.381434
 4120.0  0.381874  0.000000  0.000000  0.381874
 4125.0  0.381551  0.000000  0.000000  0.381551
 4130.0  0.375237  0.000000  0.000000  0.375237
 4135.0  0.359655  0.000000  0.000000  0.359655
 4140.0  0.344542  0.000000  0.000000  0.344542
 4145.0  0.340253  0.000000  0.000000  0.340253
 4150.0  0.346604  0.000000  0.000000  0.346604
 4155.0  0.359033  0.000000  0.000000  0.359033
 4160.0  0.365998  0.000000  0.000000  0.365998
 4165.0  0.359202  0.000000  0.000000  0.359202
 4170.0  0.350308  0.000000  0.000000  0.350308
 4175.0  0.351829  0.000000  0.000000  0.351829
 4180.0  0.359722  0.000000  0.000000  0.359722
 4185.0  0.366812  0.000000  0.000000  0.366812
 4190.0  0.369938  0.000000  0.000000  0.369938
 4195.0  0.369324  0.000000  0.000000  0.369324
 4200.0  0.374706  0.000000  0.000000  0.374706
 4205.0  0.392467  0.000000  0.000000  0.392467
 4210.0  0.406075  0.000000  0.000000  0.406075
 4215.0  0.399828  0.000000  0.000000  0.399828
 4220.0  0.384270  0.000000  0.000000  0.384270
 4225.0  0.375341  0.000000  0.000000  0.375341
 4230.0  0.384332  0.000000  0.000000  0.384332
 4235.0  0.414440  0.000000  0.000000  0.414440
 4240.0  0.441148  0.000000  0.000000  0.441148
 4245.0  0.442025  0.000000  0.000000  0.442025
 4250.0  0.430708  0.000000  0.000000  0.430708
 4255.0  0.425476  0.000000  0.000000  0.425476
 4260.0  0.427105  0.000000  0.000000  0.427105
 4265.0  0.431545  0.000000  0.000000  0.431545
 4270.0  0.432947  0.000000  0.000000  0.432947
 4275.0  0.427277  0.000000  0.000000  0.427277
 4280.0  0.419571  0.000000  0.000000  0.419571
 4285.0  0.413692  0.000000  0.000000  0.413692
 4290.0  0.399761  0.000000  0.000000  0.399761
 4295.0  0.372580  0.000000  0.000000  0.372580
 4300.0  0.359450  0.000000  0.000000  0.359450
 4305.0  0.385512  0.000000  0.000000  0.385512
 4310.0  0.434788  0.000000  0.000000  0.434788
 4315.0  0.482490  0.000000  0.000000  0.482490
 4320.0  0.509704  0.000000  0.000000  0.509704
 4325.0  0.507862  0.000000  0.000000  0.507862
 4330.0  0.503895  0.000000  0.000000  0.503895
 4335.0  0.522947  0.000000  0.000000  0.522947
 4340.0  0.547498  0.000000  0.000000  0.547498
 4345.0  0.556693  0.000000  0.000000  0.556693
 4350.0  0.558996  0.000000  0.000000  0.558996
 4355.0  0.566076  0.000000  0.000000  0.566076
 4360.0  0.573098  0.000000  0.000000  0.573098
 4365.0  0.571327  0.000000  0.000000  0.571327
 4370.0  0.552925  0.000000  0.000000  0.552925
 4375.0  0.516988  0.000000  0.000000  0.516988
 4380.0  0.489461  0.000000  0.000000  0.489461
 4385.0  0.493509  0.000000  0.000000  0.493509
 4390.0  0.514312  0.000000  0.000000  0.514312
 4395.0  0.531353  0.000000  0.000000  0.531353
 4400.0  0.539293  0.000000  0.000000  0.539293
 4405.0  0.539508  0.000000  0.000000  0.539508
 4410.0  0.545072  0.000000  0.000000  0.545072
 4415.0  0.565474  0.000000  0.000000  0.565474
 4420.0  0.584189  0.000000  0.000000  0.584189
 4425.0  0.585969  0.000000  0.000000  0.585969
 4430.0  0.586712  0.000000  0.000000  0.586712
 4435.0  0.602509  0.000000  0.000000  0.602509
 4440.0  0.619082  0.000000  0.000000  0.619082
 4445.0  0.619529  0.000000  0.000000  0.619529
 4450.0  0.606807  0.000000  0.000000  0.606807
 4455.0  0.591154  0.000000  0.000000  0.591154
 4460.0  0.592063  0.000000  0.000000  0.592063
 4465.0  0.622510  0.000000  0.000000  0.622510
 4470.0  0.660130  0.000000  0.000000  0.660130
 4475.0  0.680565  0.000000  0.000000  0.680565
 4480.0  0.686836  0.000000  0.000000  0.686836
 4485.0  0.688106  0.000000  0.000000  0.688106
 4490.0  0.690731  0.000000  0.000000  0.690731
 4495.0  0.699606  0.000000  0.000000  0.699606
 4500.0  0.716612  0.000000  0.000000  0.716612
 4505.0  0.738452  0.000000  0.000000  0.738452
 4510.0  0.744145  0.000000  0.000000  0.744145
 4515.0  0.717741  0.000000  0.000000  0.717741
 4520.0  0.681092  0.000000  0.000000  0.681092
 4525.0  0.659896  0.000000  0.000000  0.659896
 4530.0  0.657414  0.000000  0.000000  0.657414
 4535.0  0.670178  0.000000  0.000000  0.670178
 4540.0  0.690234  0.000000  0.000000  0.690234
 4545.0  0.709731  0.000000  0.000000  0.709731
 4550.0  0.725714  0.000000  0.000000  0.725714
 4555.0  0.736415  0.000000  0.000000  0.736415
 4560.0  0.739920  0.000000  0.000000  0.739920
 4565.0  0.736462  0.000000  0.000000  0.736462
 4570.0  0.734999  0.000000  0.000000  0.734999
 4575.0  0.742124  0.000000  0.000000  0.742124
 4580.0  0.746228  0.000000  0.000000  0.746228
 4585.0  0.737001  0.000000  0.000000  0.737001
 4590.0  0.727526  0.000000  0.000000  0.727526
 4595.0  0.732450  0.000000  0.000000  0.732450
 4600.0  0.749296  0.000000  0.000000  0.749296
 4605.0  0.771512  0.000000  0.000000  0.771512
 4610.0  0.793386  0.000000  0.000000  0.793386
 4615.0  0.809256  0.000000  0.000000  0.809256
 4620.0  0.812835  0.000000  0.000000  0.812835
 4625.0  0.800154  0.000000  0.000000  0.800154
 4630.0  0.777156  0.000000  0.000000  0.777156
 4635.0  0.752676  0.000000  0.000000  0.752676
 4640.0  0.737206  0.000000  0.000000  0.737206
 4645.0  0.737779  0.000000  0.000000  0.737779
 4650.0  0.745925  0.000000  0.000000  0.745925
 4655.0  0.751178  0.000000  0.000000  0.751178
 4660.0  0.750594  0.000000  0.000000  0.750594
 4665.0  0.745267  0.000000  0.000000  0.745267
 4670.0  0.744928  0.000000  0.000000  0.744928
 4675.0  0.756576  0.000000  0.000000  0.756576
 4680.0  0.767646  0.000000  0.000000  0.767646
 4685.0  0.765744  0.000000  0.000000  0.765744
 4690.0  0.758705  0.000000  0.000000  0.758705
 4695.0  0.756777  0.000000  0.000000  0.756777
 4700.0  0.759614  0.000000  0.000000  0.759614
 4705.0  0.765218  0.000000  0.000000  0.765218
 4710.0  0.775556  0.000000  0.000000  0.775556
 4715.0  0.790792  0.000000  0.000000  0.790792
 4720.0  0.799901  0.000000  0.000000  0.799901
 4725.0  0.794650  0.000000  0.000000  0.794650
 4730.0  0.789152  0.000000  0.000000  0.789152
 4735.0  0.797710  0.000000  0.000000  0.797710
 4740.0  0.813023  0.000000  0.000000  0.813023
 4745.0  0.823555  0.000000  0.000000  0.823555
 4750.0  0.822419  0.000000  0.000000  0.822419
 4755.0  0.808285  0.000000  0.000000  0.808285
 4760.0  0.797397  0.000000  0.000000  0.797397
 4765.0  0.804049  0.000000  0.000000  0.804049
 4770.0  0.817159  0.000000  0.000000  0.817159
 4775.0  0.823118  0.000000  0.000000  0.823118
 4780.0  0.823601  0.000000  0.000000  0.823601
 4785.0  0.823680  0.000000  0.000000  0.823680
 4790.0  0.826740  0.000000  0.000000  0.826740
 4795.0  0.834726  0.000000  0.000000  0.834726
 4800.0  0.845508  0.000000  0.000000  0.845508
 4805.0  0.856030  0.000000  0.000000  0.856030
 4810.0  0.863615  0.000000  0.000000  0.863615
 4815.0  0.865921  0.000000  0.000000  0.865921
 4820.0  0.861574  0.000000  0.000000  0.861574
 4825.0  0.851200  0.000000  0.000000  0.851200
 4830.0  0.842466  0.000000  0.000000  0.842466
 4835.0  0.841885  0.000000  0.000000  0.841885
 4840.0  0.844293  0.000000  0.000000  0.844293
 4845.0  0.842011  0.000000  0.000000  0.842011
 4850.0  0.828957  0.000000  0.000000  0.828957
 4855.0  0.804575  0.000000  0.000000  0.804575
 4860.0  0.788820  0.000000  0.000000  0.788820
 4865.0  0.798081  0.000000  0.000000  0.798081
 4870.0  0.813967  0.000000  0.000000  0.813967
 4875.0  0.816496  0.000000  0.000000  0.816496
 4880.0  0.814080  0.000000  0.000000  0.814080
 4885.0  0.819673  0.000000  0.000000  0.819673
 4890.0  0.835985  0.000000  0.000000  0.835985
 4895.0  0.859096  0.000000  0.000000  0.859096
 4900.0  0.868825  0.000000  0.000000  0.868825
 4905.0  0.850341  0.000000  0.000000  0.850341
 4910.0  0.826486  0.000000  0.000000  0.826486
 4915.0  0.821553  0.000000  0.000000  0.821553
 4920.0  0.827971  0.000000  0.000000  0.827971
 4925.0  0.833565  0.000000  0.000000  0.833565
 4930.0  0.839599  0.000000  0.000000  0.839599
 4935.0  0.849715  0.000000  0.000000  0.849715
 4940.0  0.863640  0.000000  0.000000  0.863640
 4945.0  0.878203  0.000000  0.000000  0.878203
 4950.0  0.882584  0.000000  0.000000  0.882584
 4955.0  0.869708  0.000000  0.000000  0.869708
 4960.0  0.855138  0.000000  0.000000  0.855138
 4965.0  0.853762  0.000000  0.000000  0.853762
 4970.0  0.855137  0.000000  0.000000  0.855137
 4975.0  0.847240  0.000000  0.000000  0.847240
 4980.0  0.837044  0.000000  0.000000  0.837044
 4985.0  0.833073  0.000000  0.000000  0.833073
 4990.0  0.831067  0.000000  0.000000  0.831067
 4995.0  0.824695  0.000000  0.000000  0.824695
 5000.0  0.812147  0.000000  0.000000  0.812147
 5005.0  0.795009  0.000000  0.000000  0.795009
 5010.0  0.783937  0.000000  0.000000  0.783937
 5015.0  0.787910  0.000000  0.000000  0.787910
 5020.0  0.800159  0.000000  0.000000  0.800159
 5025.0  0.810886  0.000000  0.000000  0.810886
 5030.0  0.813943  0.000000  0.000000  0.813943
 5035.0  0.807486  0.000000  0.000000  0.807486
 5040.0  0.803254  0.000000  0.000000  0.803254
 5045.0  0.811839  0.000000  0.000000  0.811839
 5050.0  0.825673  0.000000  0.000000  0.825673
 5055.0  0.833475  0.000000  0.000000  0.833475
 5060.0  0.827280  0.000000  0.000000  0.827280
 5065.0  0.804882  0.000000  0.000000  0.804882
 5070.0  0.783795  0.000000  0.000000  0.783795
 5075.0  0.780514  0.000000  0.000000  0.780514
 5080.0  0.787719  0.000000  0.000000  0.787719
 5085.0  0.793340  0.000000  0.000000  0.793340
 5090.0  0.790104  0.000000  0.000000  0.790104
 5095.0  0.775905  0.000000  0.000000  0.775905
 5100.0  0.764517  0.000000  0.000000  0.764517
 5105.0  0.767891  0.000000  0.000000  0.767891
 5110.0  0.774829  0.000000  0.000000  0.774829
 5115.0  0.772387  0.000000  0.000000  0.772387
 5120.0  0.763785  0.000000  0.000000  0.763785
 5125.0  0.755395  0.000000  0.000000  0.755395
 5130.0  0.750027  0.000000  0.000000  0.750027
 5135.0  0.749003  0.000000  0.000000  0.749003
 5140.0  0.751251  0.000000  0.000000  0.751251
 5145.0  0.754121  0.000000  0.000000  0.754121
 5150.0  0.751053  0.000000  0.000000  0.751053
 5155.0  0.736083  0.000000  0.000000  0.736083
 5160.0  0.709533  0.000000  0.000000  0.709533
 5165.0  0.677291  0.000000  0.000000  0.677291
 5170.0  0.661227  0.000000  0.000000  0.661227
 5175.0  0.679336  0.000000  0.000000  0.679336
 5180.0  0.718142  0.000000  0.000000  0.718142
 5185.0  0.757380  0.000000  0.000000  0.757380
 5190.0  0.781106  0.000000  0.000000  0.781106
 5195.0  0.780719  0.000000  0.000000  0.780719
 5200.0  0.772676  0.000000  0.000000  0.772676
 5205.0  0.775677  0.000000  0.000000  0.775677
 5210.0  0.792356  0.000000  0.000000  0.792356
 5215.0  0.818658  0.000000  0.000000  0.818658
 5220.0  0.839854  0.000000  0.000000  0.839854
 5225.0  0.845010  0.000000  0.000000  0.845010
 5230.0  0.849054  0.000000  0.000000  0.849054
 5235.0  0.866586  0.000000  0.000000  0.866586
 5240.0  0.885023  0.000000  0.000000  0.885023
 5245.0  0.888452  0.000000  0.000000  0.888452
 5250.0  0.874836  0.000000  0.000000  0.874836
 5255.0  0.847622  0.000000  0.000000  0.847622
 5260.0  0.818327  0.000000  0.000000  0.818327
 5265.0  0.801229  0.000000  0.000000  0.801229
 5270.0  0.813583  0.000000  0.000000  0.813583
 5275.0  0.862275  0.000000  0.000000  0.862275
 5280.0  0.909767  0.000000  0.000000  0.909767
 5285.0  0.920969  0.000000  0.000000  0.920969
 5290.0  0.915031  0.000000  0.000000  0.915031
 5295.0  0.918927  0.000000  0.000000  0.918927
 5300.0  0.936705  0.000000  0.000000  0.936705
 5305.0  0.962329  0.000000  0.000000  0.962329
 5310.0  0.972356  0.000000  0.000000  0.972356
 5315.0  0.948972  0.000000  0.000000  0.948972
 5320.0  0.914277  0.000000  0.000000  0.914277
 5325.0  0.894680  0.000000  0.000000  0.894680
 5330.0  0.893880  0.000000  0.000000  0.893880
 5335.0  0.909166  0.000000  0.000000  0.909166
 5340.0  0.934881  0.000000  0.000000  0.934881
 5345.0  0.963635  0.000000  0.000000  0.963635
 5350.0  0.984039  0.000000  0.000000  0.984039
 5355.0  0.987155  0.000000  0.000000  0.987155
 5360.0  0.977850  0.000000  0.000000  0.977850
 5365.0  0.964939  0.000000  0.000000  0.964939
 5370.0  0.959230  0.000000  0.000000  0.959230
 5375.0  0.966464  0.000000  0.000000  0.966464
 5380.0  0.970127  0.000000  0.000000  0.970127
 5385.0  0.954106  0.000000  0.000000  0.954106
 5390.0  0.926145  0.000000  0.000000  0.926145
 5395.0  0.899678  0.000000  0.000000  0.899678
 5400.0  0.887039  0.000000  0.000000  0.887039
 5405.0  0.896987  0.000000  0.000000  0.896987
 5410.0  0.925096  0.000000  0.000000  0.925096
 5415.0  0.960589  0.000000  0.000000  0.960589
 5420.0  0.980482  0.000000  0.000000  0.980482
 5425.0  0.968856  0.000000  0.000000  0.968856
 5430.0  0.950276  0.000000  0.000000  0.950276
 5435.0  0.950886  0.000000  0.000000  0.950886
 5440.0  0.962666  0.000000  0.000000  0.962666
 5445.0  0.971917  0.000000  0.000000  0.971917
 5450.0  0.976375  0.000000  0.000000  0.976375
 5455.0  0.976773  0.000000  0.000000  0.976773
 5460.0  0.974379  0.000000  0.000000  0.974379
 5465.0  0.969992  0.000000  0.000000  0.969992
 5470.0  0.961973  0.000000  0.000000  0.961973
 5475.0  0.950426  0.000000  0.000000  0.950426
 5480.0  0.944855  0.000000  0.000000  0.944855
 5485.0  0.953620  0.000000  0.000000  0.953620
 5490.0  0.971100  0.000000  0.000000  0.971100
 5495.0  0.987594  0.000000  0.000000  0.987594
 5500.0  0.991086  0.000000  0.000000  0.991086
 5505.0  0.975856  0.000000  0.000000  0.975856
 5510.0  0.963704  0.000000  0.000000  0.963704
 5515.0  0.974529  0.000000  0.000000  0.974529
 5520.0  0.993097  0.000000  0.000000  0.993097
 5525.0  1.001069  0.000000  0.000000  1.001069
 5530.0  1.002820  0.000000  0.000000  1.002820
 5535.0  1.006496  0.000000  0.000000  1.006496
 5540.0  1.012634  0.000000  0.000000  1.012634
 5545.0  1.019667  0.000000  0.000000  1.019667
 5550.0  1.025242  0.000000  0.000000  1.025242
 5555.0  1.027068  0.000000  0.000000  1.027068
 5560.0  1.023878  0.000000  0.000000  1.023878
 5565.0  1.016186  0.000000  0.000000  1.016186
 5570.0  1.010599  0.000000  0.000000  1.010599
 5575.0  1.011702  0.000000  0.000000  1.011702
 5580.0  1.009903  0.000000  0.000000  1.009903
 5585.0  0.996628  0.000000  0.000000  0.996628
 5590.0  0.981553  0.000000  0.000000  0.981553
 5595.0  0.977134  0.000000  0.000000  0.977134
 5600.0  0.988696  0.000000  0.000000  0.988696
 5605.0  1.014999  0.000000  0.000000  1.014999
 5610.0  1.035674  0.000000  0.000000  1.035674
 5615.0  1.033301  0.000000  0.000000  1.033301
 5620.0  1.021357  0.000000  0.000000  1.021357
 5625.0  1.016414  0.000000  0.000000  1.016414
 5630.0  1.016517  0.000000  0.000000  1.016517
 5635.0  1.016550  0.000000  0.000000  1.016550
 5640.0  1.017284  0.000000  0.000000  1.017284
 5645.0  1.019766  0.000000  0.000000  1.019766
 5650.0  1.020262  0.000000  0.000000  1.020262
 5655.0  1.015878  0.000000  0.000000  1.015878
 5660.0  1.011859  0.000000  0.000000  1.011859
 5665.0  1.013992  0.000000  0.000000  1.013992
 5670.0  1.022061  0.000000  0.000000  1.022061
 5675.0  1.033233  0.000000  0.000000  1.033233
 5680.0  1.040185  0.000000  0.000000  1.040185
 5685.0  1.037330  0.000000  0.000000  1.037330
 5690.0  1.030519  0.000000  0.000000  1.030519
 5695.0  1.025111  0.000000  0.000000  1.025111
 5700.0  1.013062  0.000000  0.000000  1.013062
 5705.0  0.989677  0.000000  0.000000  0.989677
 5710.0  0.977051  0.000000  0.000000  0.977051
 5715.0  0.994632  0.000000  0.000000  0.994632
 5720.0  1.024507  0.000000  0.000000  1.024507
 5725.0  1.044725  0.000000  0.000000  1.044725
 5730.0  1.054578  0.000000  0.000000  1.054578
 5735.0  1.058236  0.000000  0.000000  1.058236
 5740.0  1.058150  0.000000  0.000000  1.058150
 5745.0  1.056104  0.000000  0.000000  1.056104
 5750.0  1.052948  0.000000  0.000000  1.052948
 5755.0  1.049295  0.000000  0.000000  1.049295
 5760.0  1.045759  0.000000  0.000000  1.045759
 5765.0  1.042867  0.000000  0.000000  1.042867
 5770.0  1.040800  0.000000  0.000000  1.040800
 5775.0  1.039656  0.000000  0.000000  1.039656
 5780.0  1.039529  0.000000  0.000000  1.039529
 5785.0  1.040570  0.000000  0.000000  1.040570
 5790.0  1.043148  0.000000  0.000000  1.043148
 5795.0  1.047686  0.000000  0.000000  1.047686
 5800.0  1.054608  0.000000  0.000000  1.054608
 5805.0  1.063944  0.000000  0.000000  1.063944
 5810.0  1.074156  0.000000  0.000000  1.074156
 5815.0  1.083312  0.000000  0.000000  1.083312
 5820.0  1.089481  0.000000  0.000000  1.089481
 5825.0  1.091322  0.000000  0.000000  1.091322
 5830.0  1.089862  0.000000  0.000000  1.089862
 5835.0  1.086716  0.000000  0.000000  1.086716
 5840.0  1.083503  0.000000  0.000000  1.083503
 5845.0  1.081270  0.000000  0.000000  1.081270
 5850.0  1.078793  0.000000  0.000000  1.078793
 5855.0  1.074278  0.000000  0.000000  1.074278
 5860.0  1.065933  0.000000  0.000000  1.065933
 5865.0  1.052696  0.000000  0.000000  1.052696
 5870.0  1.036439  0.000000  0.000000  1.036439
 5875.0  1.019765  0.000000  0.000000  1.019765
 5880.0  1.005278  0.000000  0.000000  1.005278
 5885.0  0.995255  0.000000  0.000000  0.995255
 5890.0  0.990664  0.000000  0.000000  0.990664
 5895.0  0.992148  0.000000  0.000000  0.992148
 5900.0  1.000348  0.000000  0.000000  1.000348
 5905.0  1.015139  0.000000  0.000000  1.015139
 5910.0  1.033323  0.000000  0.000000  1.033323
 5915.0  1.050935  0.000000  0.000000  1.050935
 5920.0  1.064013  0.000000  0.000000  1.064013
 5925.0  1.069719  0.000000  0.000000  1.069719
 5930.0  1.069728  0.000000  0.000000  1.069728
 5935.0  1.066844  0.000000  0.000000  1.066844
 5940.0  1.063868  0.000000  0.000000  1.063868
 5945.0  1.062973  0.000000  0.000000  1.062973
 5950.0  1.063800  0.000000  0.000000  1.063800
 5955.0  1.065360  0.000000  0.000000  1.065360
 5960.0  1.066662  0.000000  0.000000  1.066662
 5965.0  1.066875  0.000000  0.000000  1.066875
 5970.0  1.065804  0.000000  0.000000  1.065804
 5975.0  1.063409  0.000000  0.000000  1.063409
 5980.0  1.059654  0.000000  0.000000  1.059654
 5985.0  1.054706  0.000000  0.000000  1.054706
 5990.0  1.049548  0.000000  0.000000  1.049548
 5995.0  1.045373  0.000000  0.000000  1.045373
 6000.0  1.043369  0.000000  0.000000  1.043369
 6005.0  1.044350  0.000000  0.000000  1.044350
 6010.0  1.047619  0.000000  0.000000  1.047619
 6015.0  1.052103  0.000000  0.000000  1.052103
 6020.0  1.056729  0.000000  0.000000  1.056729
 6025.0  1.060652  0.000000  0.000000  1.060652
 6030.0  1.063944  0.000000  0.000000  1.063944
 6035.0  1.066905  0.000000  0.000000  1.066905
 6040.0  1.069835  0.000000  0.000000  1.069835
 6045.0  1.072841  0.000000  0.000000  1.072841
 6050.0  1.075258  0.000000  0.000000  1.075258
 6055.0  1.076229  0.000000  0.000000  1.076229
 6060.0  1.074894  0.000000  0.000000  1.074894
 6065.0  1.070771  0.000000  0.000000  1.070771
 6070.0  1.064876  0.000000  0.000000  1.064876
 6075.0  1.058602  0.000000  0.000000  1.058602
 6080.0  1.053341  0.000000  0.000000  1.053341
 6085.0  1.050119  0.000000  0.000000  1.050119
 6090.0  1.048502  0.000000  0.000000  1.048502
 6095.0  1.047688  0.000000  0.000000  1.047688
 6100.0  1.046878  0.000000  0.000000  1.046878
 6105.0  1.045408  0.000000  0.000000  1.045408
 6110.0  1.043169  0.000000  0.000000  1.043169
 6115.0  1.040188  0.000000  0.000000  1.040188
 6120.0  1.036492  0.000000  0.000000  1.036492
 6125.0  1.032218  0.000000  0.000000  1.032218
 6130.0  1.027944  0.000000  0.000000  1.027944
 6135.0  1.024356  0.000000  0.000000  1.024356
 6140.0  1.022142  0.000000  0.000000  1.022142
 6145.0  1.021745  0.000000  0.000000  1.021745
 6150.0  1.022624  0.000000  0.000000  1.022624
 6155.0  1.023996  0.000000  0.000000  1.023996
 6160.0  1.025075  0.000000  0.000000  1.025075
 6165.0  1.025330  0.000000  0.000000  1.025330
 6170.0  1.025236  0.000000  0.000000  1.025236
 6175.0  1.025521  0.000000  0.000000  1.025521
 6180.0  1.026910  0.000000  0.000000  1.026910
 6185.0  1.029794  0.000000  0.000000  1.029794
 6190.0  1.033207  0.000000  0.000000  1.033207
 6195.0  1.035846  0.000000  0.000000  1.035846
 6200.0  1.036407  0.000000  0.000000  1.036407
 6205.0  1.033968  0.000000  0.000000  1.033968
 6210.0  1.029124  0.000000  0.000000  1.029124
 6215.0  1.022851  0.000000  0.000000  1.022851
 6220.0  1.016123  0.000000  0.000000  1.016123
 6225.0  1.009786  0.000000  0.000000  1.009786
 6230.0  1.004154  0.000000  0.000000  1.004154
 6235.0  0.999415  0.000000  0.000000  0.999415
 6240.0  0.995751  0.000000  0.000000  0.995751
 6245.0  0.993337  0.000000  0.000000  0.993337
 6250.0  0.992290  0.000000  0.000000  0.992290
 6255.0  0.992719  0.000000  0.000000  0.992719
 6260.0  0.994729  0.000000  0.000000  0.994729
 6265.0  0.998299  0.000000  0.000000  0.998299
 6270.0  1.002895  0.000000  0.000000  1.002895
 6275.0  1.007855  0.000000  0.000000  1.007855
 6280.0  1.012516  0.000000  0.000000  1.012516
 6285.0  1.016339  0.000000  0.000000  1.016339
 6290.0  1.019274  0.000000  0.000000  1.019274
 6295.0  1.021396  0.000000  0.000000  1.021396
 6300.0  1.022779  0.000000  0.000000  1.022779
 6305.0  1.023514  0.000000  0.000000  1.023514
 6310.0  1.023765  0.000000  0.000000  1.023765
 6315.0  1.023714  0.000000  0.000000  1.023714
 6320.0  1.023544  0.000000  0.000000  1.023544
 6325.0  1.023422  0.000000  0.000000  1.023422
 6330.0  1.023466  0.000000  0.000000  1.023466
 6335.0  1.023777  0.000000  0.000000  1.023777
 6340.0  1.024459  0.000000  0.000000  1.024459
 6345.0  1.025558  0.000000  0.000000  1.025558
 6350.0  1.026892  0.000000  0.000000  1.026892
 6355.0  1.028225  0.000000  0.000000  1.028225
 6360.0  1.029318  0.000000  0.000000  1.029318
 6365.0  1.030022  0.000000  0.000000  1.030022
 6370.0  1.030536  0.000000  0.000000  1.030536
 6375.0  1.031148  0.000000  0.000000  1.031148
 6380.0  1.032144  0.000000  0.000000  1.032144
 6385.0  1.033693  0.000000  0.000000  1.033693
 6390.0  1.035486  0.000000  0.000000  1.035486
 6395.0  1.037097  0.000000  0.000000  1.037097
 6400.0  1.038098  0.000000  0.000000  1.038098
 6405.0  1.038177  0.000000  0.000000  1.038177
 6410.0  1.037484  0.000000  0.000000  1.037484
 6415.0  1.036286  0.000000  0.000000  1.036286
 6420.0  1.034847  0.000000  0.000000  1.034847
 6425.0  1.033442  0.000000  0.000000  1.033442
 6430.0  1.032375  0.000000  0.000000  1.032375
 6435.0  1.031962  0.000000  0.000000  1.031962
 6440.0  1.032515  0.000000  0.000000  1.032515
 6445.0  1.034123  0.000000  0.000000  1.034123
 6450.0  1.035971  0.000000  0.000000  1.035971
 6455.0  1.037020  0.000000  0.000000  1.037020
 6460.0  1.036228  0.000000  0.000000  1.036228
 6465.0  1.032930  0.000000  0.000000  1.032930
 6470.0  1.027951  0.000000  0.000000  1.027951
 6475.0  1.022493  0.000000  0.000000  1.022493
 6480.0  1.017755  0.000000  0.000000  1.017755
 6485.0  1.014796  0.000000  0.000000  1.014796
 6490.0  1.014107  0.000000  0.000000  1.014107
 6495.0  1.016036  0.000000  0.000000  1.016036
 6500.0  1.020932  0.000000  0.000000  1.020932
 6505.0  1.028717  0.000000  0.000000  1.028717
 6510.0  1.037605  0.000000  0.000000  1.037605
 6515.0  1.045380  0.000000  0.000000  1.045380
 6520.0  1.049828  0.000000  0.000000  1.049828
 6525.0  1.049391  0.000000  0.000000  1.049391
 6530.0  1.045122  0.000000  0.000000  1.045122
 6535.0  1.038731  0.000000  0.000000  1.038731
 6540.0  1.031926  0.000000  0.000000  1.031926
 6545.0  1.026200  0.000000  0.000000  1.026200
 6550.0  1.022181  0.000000  0.000000  1.022181
 6555.0  1.020280  0.000000  0.000000  1.020280
 6560.0  1.020908  0.000000  0.000000  1.020908
 6565.0  1.024233  0.000000  0.000000  1.024233
 6570.0  1.029444  0.000000  0.000000  1.029444
 6575.0  1.035487  0.000000  0.000000  1.035487
 6580.0  1.041307  0.000000  0.000000  1.041307
 6585.0  1.046023  0.000000  0.000000  1.046023
 6590.0  1.049445  0.000000  0.000000  1.049445
 6595.0  1.051559  0.000000  0.000000  1.051559
 6600.0  1.052348  0.000000  0.000000  1.052348
 6605.0  1.051898  0.000000  0.000000  1.051898
 6610.0  1.050700  0.000000  0.000000  1.050700
 6615.0  1.049342  0.000000  0.000000  1.049342
 6620.0  1.048416  0.000000  0.000000  1.048416
 6625.0  1.048322  0.000000  0.000000  1.048322
 6630.0  1.048707  0.000000  0.000000  1.048707
 6635.0  1.049024  0.000000  0.000000  1.049024
 6640.0  1.048731  0.000000  0.000000  1.048731
 6645.0  1.047500  0.000000  0.000000  1.047500
 6650.0  1.045870  0.000000  0.000000  1.045870
 6655.0  1.044597  0.000000  0.000000  1.044597
 6660.0  1.044439  0.000000  0.000000  1.044439
 6665.0  1.045829  0.000000  0.000000  1.045829
 6670.0  1.047909  0.000000  0.000000  1.047909
 6675.0  1.049502  0.000000  0.000000  1.049502
 6680.0  1.049428  0.000000  0.000000  1.049428
 6685.0  1.046923  0.000000  0.000000  1.046923
 6690.0  1.042883  0.000000  0.000000  1.042883
 6695.0  1.038621  0.000000  0.000000  1.038621
 6700.0  1.035449  0.000000  0.000000  1.035449
 6705.0  1.034350  0.000000  0.000000  1.034350
 6710.0  1.034997  0.000000  0.000000  1.034997
 6715.0  1.036732  0.000000  0.000000  1.036732
 6720.0  1.038900  0.000000  0.000000  1.038900
 6725.0  1.040878  0.000000  0.000000  1.040878
 6730.0  1.042185  0.000000  0.000000  1.042185
 6735.0  1.042372  0.000000  0.000000  1.042372
 6740.0  1.040992  0.000000  0.000000  1.040992
 6745.0  1.037905  0.000000  0.000000  1.037905
 6750.0  1.034195  0.000000  0.000000  1.034195
 6755.0  1.031256  0.000000  0.000000  1.031256
 6760.0  1.030478  0.000000  0.000000  1.030478
 6765.0  1.032774  0.000000  0.000000  1.032774
 6770.0  1.037140  0.000000  0.000000  1.037140
 6775.0  1.042093  0.000000  0.000000  1.042093
 6780.0  1.046147  0.000000  0.000000  1.046147
 6785.0  1.048133  0.000000  0.000000  1.048133
 6790.0  1.048139  0.000000  0.000000  1.048139
 6795.0  1.046569  0.000000  0.000000  1.046569
 6800.0  1.043823  0.000000  0.000000  1.043823
 6805.0  1.040516  0.000000  0.000000  1.040516
 6810.0  1.038104  0.000000  0.000000  1.038104
 6815.0  1.038254  0.000000  0.000000  1.038254
 6820.0  1.042635  0.000000  0.000000  1.042635
 6825.0  1.051933  0.000000  0.000000  1.051933
 6830.0  1.062916  0.000000  0.000000  1.062916
 6835.0  1.071370  0.000000  0.000000  1.071370
 6840.0  1.073081  0.000000  0.000000  1.073081
 6845.0  1.065243  0.000000  0.000000  1.065243
 6850.0  1.050673  0.000000  0.000000  1.050673
 6855.0  1.033594  0.000000  0.000000  1.033594
 6860.0  1.018229  0.000000  0.000000  1.018229
 6865.0  1.007977  0.000000  0.000000  1.007977
 6870.0  1.002941  0.000000  0.000000  1.002941
 6875.0  1.002399  0.000000  0.000000  1.002399
 6880.0  1.005627  0.000000  0.000000  1.005627
 6885.0  1.011786  0.000000  0.000000  1.011786
 6890.0  1.019553  0.000000  0.000000  1.019553
 6895.0  1.027490  0.000000  0.000000  1.027490
 6900.0  1.034156  0.000000  0.000000  1.034156
 6905.0  1.038411  0.000000  0.000000  1.038411
 6910.0  1.040312  0.000000  0.000000  1.040312
 6915.0  1.040217  0.000000  0.000000  1.040217
 6920.0  1.038484  0.000000  0.000000  1.038484
 6925.0  1.035478  0.000000  0.000000  1.035478
 6930.0  1.031595  0.000000  0.000000  1.031595
 6935.0  1.027237  0.000000  0.000000  1.027237
 6940.0  1.022808  0.000000  0.000000  1.022808
 6945.0  1.018653  0.000000  0.000000  1.018653
 6950.0  1.014892  0.000000  0.000000  1.014892
 6955.0  1.011586  0.000000  0.000000  1.011586
 6960.0  1.008796  0.000000  0.000000  1.008796
 6965.0  1.006570  0.000000  0.000000  1.006570
 6970.0  1.004892  0.000000  0.000000  1.004892
 6975.0  1.003734  0.000000  0.000000  1.003734
 6980.0  1.003066  0.000000  0.000000  1.003066
 6985.0  1.002804  0.000000  0.000000  1.002804
 6990.0  1.002649  0.000000  0.000000  1.002649
 6995.0  1.002246  0.000000  0.000000  1.002246
 7000.0  1.001243  0.000000  0.000000  1.001243
 7005.0  1.004762  0.007437  1.010032  0.999491
 7010.0  1.003154  0.007782  1.008637  0.997671
 7015.0  1.001923  0.007421  1.007177  0.996669
 7020.0  1.001523  0.005880  1.005673  0.997373
 7025.0  1.002248  0.002674  1.004142  1.000354
 7030.0  1.003763  0.001691  1.002605  1.004921
 7035.0  1.005574  0.006366  1.001078  1.010069
 7040.0  1.007188  0.010753  0.999583  1.014793
 7045.0  1.008191  0.014211  0.998137  1.018244
 7050.0  1.008478  0.016573  0.996758  1.020198
 7055.0  1.008025  0.017760  0.995463  1.020586
 7060.0  1.006796  0.017747  0.994251  1.019341
 7065.0  1.004807  0.016522  0.993118  1.016496
 7070.0  1.002277  0.014452  0.992059  1.012496
 7075.0  0.999477  0.011890  0.991070  1.007884
 7080.0  0.996677  0.009232  0.990148  1.003207
 7085.0  0.994102  0.006810  0.989287  0.998917
 7090.0  0.991791  0.004671  0.988484  0.995098
 7095.0  0.989737  0.002826  0.987734  0.991740
 7100.0  0.987934  0.001292  0.987034  0.988835
 7105.0  0.986363  0.000000  0.986379  0.986346
 7110.0  0.984950  0.001196  0.985768  0.984132
 7115.0  0.983611  0.002211  0.985197  0.982024
 7120.0  0.982259  0.003383  0.984665  0.979854
 7125.0  0.980884  0.004658  0.984170  0.977598
 7130.0  0.979765  0.005589  0.983709  0.975820
 7135.0  0.979255  0.005694  0.983281  0.975229
 7140.0  0.979710  0.004488  0.982884  0.976535
 7145.0  0.981303  0.001656  0.982515  0.980091
 7150.0  0.983495  0.001922  0.982172  0.984819
 7155.0  0.985569  0.005259  0.981851  0.989287
 7160.0  0.986800  0.007437  0.981537  0.992062
 7165.0  0.986643  0.007674  0.981214  0.992072
 7170.0  0.985276  0.006244  0.980866  0.989686
 7175.0  0.983056  0.003638  0.980476  0.985636
 7180.0  0.980340  0.000345  0.980026  0.980653
 7185.0  0.977480  0.002847  0.979502  0.975458
 7190.0  0.974810  0.005777  0.978885  0.970736
 7195.0  0.972660  0.007782  0.978160  0.967161
 7200.0  0.971358  0.008422  0.977310  0.965407
 7205.0  0.971099  0.007381  0.976327  0.965871
 7210.0  0.971537  0.005213  0.975241  0.967833
 7215.0  0.972195  0.002652  0.974093  0.970297
 7220.0  0.972593  0.000488  0.972920  0.972265
 7225.0  0.972369  0.000913  0.971763  0.972974
 7230.0  0.971629  0.001292  0.970661  0.972596
 7235.0  0.970596  0.001337  0.969653  0.971538
 7240.0  0.969493  0.001092  0.968778  0.970208
 7245.0  0.968511  0.000598  0.968076  0.968946
 7250.0  0.967710  0.000345  0.967585  0.967835
 7255.0  0.967112  0.000345  0.967331  0.966892
 7260.0  0.966708  0.000772  0.967282  0.966134
 7265.0  0.966478  0.001245  0.967389  0.965567
 7270.0  0.966375  0.001726  0.967605  0.965144
 7275.0  0.966346  0.002211  0.967884  0.964808
 7280.0  0.966339  0.002629  0.968178  0.964501
 7285.0  0.966335  0.002950  0.968439  0.964230
 7290.0  0.966442  0.003069  0.968621  0.964264
 7295.0  0.966806  0.002629  0.968676  0.964935
 7300.0  0.967567  0.001381  0.968557  0.966577
 7305.0  0.968750  0.000598  0.968233  0.969268
 7310.0  0.969897  0.003069  0.967731  0.972062
 7315.0  0.970428  0.004709  0.967098  0.973758
 7320.0  0.969766  0.004784  0.966378  0.973155
 7325.0  0.967577  0.002784  0.965614  0.969540
 7330.0  0.964499  0.000691  0.964853  0.964146
 7335.0  0.961416  0.003860  0.964139  0.958692
 7340.0  0.959209  0.006079  0.963516  0.954901
 7345.0  0.958529  0.006366  0.963029  0.954029
 7350.0  0.959102  0.005121  0.962723  0.955481
 7355.0  0.960415  0.003146  0.962630  0.958200
 7360.0  0.961933  0.001145  0.962736  0.961129
 7365.0  0.963217  0.000345  0.963015  0.963420
 7370.0  0.964256  0.001145  0.963440  0.965071
 7375.0  0.965139  0.001582  0.963985  0.966293
 7380.0  0.965958  0.001891  0.964624  0.967293
 7385.0  0.966776  0.002013  0.965329  0.968222
 7390.0  0.967534  0.002013  0.966076  0.968993
 7395.0  0.968148  0.001827  0.966836  0.969460
 7400.0  0.968532  0.001292  0.967585  0.969478
 7405.0  0.968663  0.000345  0.968299  0.969027
 7410.0  0.968780  0.000345  0.968972  0.968588
 7415.0  0.969184  0.000598  0.969599  0.968769
 7420.0  0.970178  0.000000  0.970178  0.970178
 7425.0  0.971924  0.001761  0.970705  0.973142
 7430.0  0.974022  0.004026  0.971177  0.976866
 7435.0  0.975933  0.006128  0.971591  0.980274
 7440.0  0.977117  0.007316  0.971943  0.982291
 7445.0  0.977205  0.007025  0.972229  0.982181
 7450.0  0.976507  0.005746  0.972447  0.980566
 7455.0  0.975503  0.004114  0.972596  0.978411
 7460.0  0.974680  0.002805  0.972683  0.976678
 7465.0  0.974403  0.002367  0.972719  0.976086
 7470.0  0.974545  0.002561  0.972716  0.976373
 7475.0  0.974859  0.003069  0.972683  0.977035
 7480.0  0.975098  0.003470  0.972631  0.977564
 7485.0  0.975111  0.003588  0.972571  0.977652
 7490.0  0.975144  0.003735  0.972513  0.977774
 7495.0  0.975536  0.004354  0.972468  0.978603
 7500.0  0.976629  0.005920  0.972447  0.980811
 7505.0  0.978618  0.008721  0.972457  0.984779
 7510.0  0.981110  0.012187  0.972491  0.989729
 7515.0  0.983565  0.015594  0.972539  0.994591
 7520.0  0.985443  0.018178  0.972592  0.998295
 7525.0  0.986352  0.019390  0.972639  1.000065
 7530.0  0.986487  0.019543  0.972671  1.000302
 7535.0  0.986189  0.019109  0.972678  0.999700
 7540.0  0.985801  0.018596  0.972649  0.998952
 7545.0  0.985566  0.018371  0.972576  0.998556
 7550.0  0.985336  0.018231  0.972447  0.998225
 7555.0  0.972257  0.017834  0.972257  0.997472
 7560.0  0.972007  0.016833  0.972007  0.995814
 7565.0  0.971703  0.014612  0.971703  0.992374
 7570.0  0.971352  0.009430  0.971352  0.984703
 7575.0  0.970959  0.000691  0.970959  0.969962
 7580.0  0.970529  0.017834  0.970529  0.945309
 7585.0  0.970068  0.042278  0.970068  0.910278
 7590.0  0.969582  0.067660  0.969582  0.873896
 7595.0  0.969077  0.085924  0.969077  0.847561
 7600.0  0.968557  0.089013  0.968557  0.842674
 7605.0  0.968029  0.071965  0.968029  0.866255
 7610.0  0.967491  0.042206  0.967491  0.907804
 7615.0  0.966942  0.010248  0.966942  0.952441
 7620.0  0.966383  0.013368  0.966383  0.985288
 7625.0  0.965810  0.021121  0.965810  0.995680
 7630.0  0.965224  0.017377  0.965224  0.989807
 7635.0  0.964624  0.009518  0.964624  0.978075
 7640.0  0.964007  0.004871  0.964007  0.970891
 7645.0  0.963374  0.008632  0.963374  0.975588
 7650.0  0.962723  0.017319  0.962723  0.987216
 7655.0  0.962055  0.025245  0.962055  0.997753
 7660.0  0.961378  0.026726  0.961378  0.999178
 7665.0  0.960702  0.017984  0.960702  0.986140
 7670.0  0.960039  0.002784  0.960039  0.963977
 7675.0  0.959398  0.013220  0.959398  0.940696
 7680.0  0.958789  0.024382  0.958789  0.924306
 7685.0  0.958224  0.026556  0.958224  0.920662
 7690.0  0.957712  0.021705  0.957712  0.927018
 7695.0  0.957263  0.013292  0.957263  0.938471
 7700.0  0.956888  0.004797  0.956888  0.950121
 7705.0  0.956594  0.001036  0.956594  0.958111
 7710.0  0.956373  0.004515  0.956373  0.962746
 7715.0  0.956214  0.006469  0.956214  0.965378
 7720.0  0.961730  0.007949  0.956107  0.967353
 7725.0  0.962897  0.009692  0.956039  0.969756
 7730.0  0.964301  0.011744  0.956000  0.972601
 7735.0  0.965809  0.013901  0.955980  0.975638
 7740.0  0.967291  0.016021  0.955966  0.978616
 7745.0  0.968612  0.017904  0.955948  0.981275
 7750.0  0.969619  0.019375  0.955916  0.983323
 7755.0  0.970158  0.020221  0.955859  0.984457
 7760.0  0.970080  0.020224  0.955782  0.984378
 7765.0  0.969315  0.019270  0.955687  0.982943
 7770.0  0.968116  0.017727  0.955580  0.980651
 7775.0  0.966814  0.016054  0.955466  0.978163
 7780.0  0.965743  0.014701  0.955349  0.976136
 7785.0  0.965153  0.014029  0.955233  0.975073
 7790.0  0.964983  0.013940  0.955124  0.974842
 7795.0  0.965090  0.014236  0.955026  0.975155
 7800.0  0.965333  0.014701  0.954943  0.975722
 7805.0  0.965564  0.015109  0.954878  0.976250
 7810.0  0.965621  0.015282  0.954820  0.976423
 7815.0  0.965337  0.014966  0.954755  0.975919
 7820.0  0.964543  0.013961  0.954670  0.974416
 7825.0  0.963138  0.012143  0.954553  0.971723
 7830.0  0.961274  0.009741  0.954388  0.968159
 7835.0  0.959169  0.007067  0.954164  0.964173
 7840.0  0.957040  0.004475  0.953867  0.960214
 7845.0  0.955071  0.002264  0.953483  0.956659
 7850.0  0.953298  0.000345  0.952998  0.953598
 7855.0  0.951727  0.000913  0.952404  0.951051
 7860.0  0.950369  0.001891  0.951705  0.949034
 7865.0  0.949206  0.002367  0.950908  0.947504
 7870.0  0.948095  0.002719  0.950022  0.946169
 7875.0  0.946862  0.003088  0.949054  0.944671
 7880.0  0.945334  0.003782  0.948013  0.942655
 7885.0  0.943370  0.005003  0.946906  0.939833
 7890.0  0.940965  0.006748  0.945742  0.936187
 7895.0  0.938147  0.009023  0.944529  0.931766
 7900.0  0.934947  0.011780  0.943274  0.926620
 7905.0  0.931434  0.014927  0.941989  0.920880
 7910.0  0.927853  0.018165  0.940698  0.915007
 7915.0  0.924487  0.021132  0.939431  0.909544
 7920.0  0.921624  0.023460  0.938214  0.905035
 7925.0  0.919511  0.024840  0.937075  0.901946
 7930.0  0.918239  0.025181  0.936044  0.900433
 7935.0  0.917863  0.024446  0.935148  0.900578
 7940.0  0.918438  0.022588  0.934415  0.902462
 7945.0  0.919967  0.019665  0.933872  0.906062
 7950.0  0.922248  0.015980  0.933549  0.910946
 7955.0  0.925022  0.011940  0.933464  0.916580
 7960.0  0.928011  0.007888  0.933592  0.922430
 7965.0  0.930936  0.004200  0.933903  0.927970
 7970.0  0.933536  0.001145  0.934362  0.932709
 7975.0  0.935552  0.000772  0.934938  0.936166
 7980.0  0.936728  0.001544  0.935597  0.937859
 7985.0  0.936894  0.000846  0.936306  0.937483
 7990.0  0.936240  0.001145  0.937034  0.935446
 7995.0  0.935040  0.003814  0.937747  0.932334
 8000.0  0.933573  0.006845  0.938412  0.928734
 8005.0  0.932104  0.009747  0.938995  0.925213
 8010.0  0.930866  0.012148  0.939454  0.922279
 8015.0  0.930083  0.013676  0.939748  0.920418
 8020.0  0.929977  0.013940  0.939832  0.920122
 8025.0  0.930645  0.012756  0.939665  0.921625
 8030.0  0.931679  0.010647  0.939203  0.924156
 8035.0  0.932546  0.008279  0.938403  0.926689
 8040.0  0.932712  0.006385  0.937223  0.928201
 8045.0  0.931778  0.005415  0.935619  0.927936
 8050.0  0.929888  0.005191  0.933549  0.926228
 8055.0  0.927335  0.005179  0.930992  0.923678
 8060.0  0.924451  0.005051  0.928014  0.920889
 8065.0  0.921484  0.004554  0.924701  0.918267
 8070.0  0.918281  0.004056  0.921142  0.915421
 8075.0  0.914594  0.004012  0.917423  0.911764
 8080.0  0.910171  0.004895  0.913634  0.906708
 8085.0  0.904968  0.006905  0.909861  0.900076
 8090.0  0.899763  0.009102  0.906191  0.893334
 8095.0  0.895537  0.010149  0.902713  0.888361
 8100.0  0.893273  0.008836  0.899514  0.887032
 8105.0  0.893587  0.004340  0.896666  0.890508
 8110.0  0.895625  0.002043  0.894180  0.897071
 8115.0  0.898169  0.008645  0.892053  0.904285
 8120.0  0.899998  0.013746  0.890280  0.909716
 8125.0  0.900177  0.016013  0.888858  0.911496
 8130.0  0.898909  0.015739  0.887783  0.910035
 8135.0  0.896682  0.013619  0.887051  0.906312
 8140.0  0.893982  0.010352  0.886657  0.901306
 8145.0  0.891241  0.006560  0.886599  0.895883
 8150.0  0.888665  0.002561  0.886872  0.890458
 8155.0  0.886402  0.001465  0.887469  0.885335
 8160.0  0.884595  0.005338  0.888375  0.880815
 8165.0  0.883472  0.008625  0.889568  0.877376
 8170.0  0.883608  0.010507  0.891031  0.876184
 8175.0  0.885662  0.010013  0.892744  0.878580
 8180.0  0.890296  0.006215  0.894687  0.885906
 8185.0  0.897748  0.001292  0.896841  0.898655
 8190.0  0.906563  0.010433  0.899187  0.913939
 8195.0  0.914863  0.018609  0.901705  0.928022
 8200.0  0.920773  0.023192  0.904376  0.937170
 8205.0  0.922955  0.022328  0.907169  0.938741
 8210.0  0.922236  0.017294  0.910008  0.934464
 8215.0  0.919984  0.010155  0.912805  0.927162
 8220.0  0.917565  0.002970  0.915472  0.919658
 8225.0  0.916127  0.002514  0.917921  0.914332
 8230.0  0.915930  0.005849  0.920065  0.911796
 8235.0  0.917018  0.006775  0.921815  0.912221
 8240.0  0.919430  0.005167  0.923083  0.915776
 8245.0  0.922998  0.001092  0.923783  0.922213
 8250.0  0.926712  0.004085  0.923825  0.929599
 8255.0  0.929365  0.008782  0.923148  0.935582
 8260.0  0.929803  0.011320  0.921794  0.937812
 8265.0  0.927249  0.010490  0.919830  0.934669
 8270.0  0.922392  0.007160  0.917322  0.927461
 8275.0  0.916285  0.002784  0.914340  0.918230
 8280.0  0.909983  0.001381  0.910949  0.909016
 8285.0  0.904322  0.004100  0.907217  0.901426
 8290.0  0.899268  0.005567  0.903212  0.895324
 8295.0  0.894570  0.006263  0.899001  0.890139
 8300.0  0.889976  0.006614  0.894652  0.885300
 8305.0  0.885337  0.006923  0.890235  0.880439
 8310.0  0.880923  0.006957  0.885839  0.876006
 8315.0  0.877104  0.006291  0.881558  0.872650
 8320.0  0.874253  0.004554  0.877483  0.871023
 8325.0  0.872583  0.001619  0.873707  0.871459
 8330.0  0.871673  0.001922  0.870324  0.873022
 8335.0  0.870941  0.004968  0.867424  0.874458
 8340.0  0.869808  0.006650  0.865103  0.874513
 8345.0  0.867940  0.006357  0.863450  0.872430
 8350.0  0.865995  0.004858  0.862561  0.869429
 8355.0  0.864859  0.003347  0.862493  0.867226
 8360.0  0.865356  0.003107  0.863175  0.867537
 8365.0  0.867967  0.004907  0.864502  0.871431
 8370.0  0.871878  0.007790  0.866368  0.877388
 8375.0  0.875953  0.010312  0.868667  0.883239
 8380.0  0.879056  0.010978  0.871295  0.886818
 8385.0  0.880358  0.008782  0.874146  0.886570
 8390.0  0.880256  0.004462  0.877114  0.883399
 8395.0  0.879458  0.000913  0.880095  0.878822
 8400.0  0.878669  0.006099  0.882982  0.874356
 8405.0  0.878461  0.010207  0.885683  0.871238
 8410.0  0.878865  0.013138  0.888153  0.869577
 8415.0  0.879781  0.014958  0.890359  0.869203
 8420.0  0.881105  0.015784  0.892267  0.869943
 8425.0  0.882746  0.015694  0.893845  0.871646
 8430.0  0.884653  0.014717  0.895059  0.874248
 8435.0  0.886789  0.012854  0.895877  0.877701
 8440.0  0.889114  0.010113  0.896266  0.881962
 8445.0  0.891493  0.006650  0.896193  0.886793
 8450.0  0.893411  0.003146  0.895624  0.891199
 8455.0  0.894264  0.000000  0.894537  0.893990
 8460.0  0.893465  0.000691  0.892949  0.893981
 8465.0  0.890705  0.000345  0.890888  0.890523
 8470.0  0.886756  0.002264  0.888380  0.885132
 8475.0  0.882657  0.003952  0.885452  0.879862
 8480.0  0.879451  0.003814  0.882132  0.876769
 8485.0  0.877785  0.000913  0.878448  0.877122
 8490.0  0.876735  0.003275  0.874426  0.879045
 8495.0  0.874985  0.006905  0.870094  0.879876
 8500.0  0.871216  0.008112  0.865478  0.876954
 8505.0  0.864571  0.005567  0.860633  0.868509
 8510.0  0.856023  0.000488  0.855719  0.856327
 8515.0  0.847005  0.005546  0.850922  0.843088
 8520.0  0.838950  0.010574  0.846429  0.831471
 8525.0  0.833060  0.013247  0.842426  0.823694
 8530.0  0.829618  0.013412  0.839101  0.820134
 8535.0  0.828674  0.011262  0.836640  0.820707
 8540.0  0.830280  0.006991  0.835229  0.825331
 8545.0  0.834329  0.001036  0.835055  0.833603
 8550.0  0.840079  0.005338  0.836305  0.843854
 8555.0  0.846584  0.010619  0.839072  0.854097
 8560.0  0.852711  0.013619  0.843078  0.862343
 8565.0  0.857610  0.013663  0.847952  0.867267
 8570.0  0.861756  0.011930  0.853324  0.870189
 8575.0  0.865954  0.010090  0.858821  0.873087
 8580.0  0.871007  0.009802  0.864072  0.877942
 8585.0  0.877350  0.012227  0.868707  0.885993
 8590.0  0.883932  0.016370  0.872355  0.895509
 8595.0  0.889330  0.020771  0.874644  0.904017
 8600.0  0.892124  0.023931  0.875203  0.909044
 8605.0  0.891246  0.024691  0.873789  0.908703
 8610.0  0.887060  0.023172  0.870674  0.903446
 8615.0  0.880282  0.019834  0.866256  0.894308
 8620.0  0.871631  0.015125  0.860935  0.882327
 8625.0  0.861844  0.009531  0.855111  0.868577
 8630.0  0.851730  0.003605  0.849183  0.854277
 8635.0  0.842118  0.002043  0.843550  0.840686
 8640.0  0.833835  0.006757  0.838611  0.829060
 8645.0  0.827579  0.010172  0.834766  0.820391
 8650.0  0.823513  0.012587  0.832415  0.814612
 8655.0  0.821613  0.014460  0.831839  0.811388
 8660.0  0.821618  0.015882  0.832851  0.810385
 8665.0  0.823249  0.016830  0.835147  0.811350
 8670.0  0.826389  0.017013  0.838422  0.814357
 8675.0  0.830964  0.016139  0.842372  0.819556
 8680.0  0.836898  0.013854  0.846692  0.827103
 8685.0  0.843933  0.010108  0.851079  0.836787
 8690.0  0.851086  0.005859  0.855226  0.846945
 8695.0  0.857191  0.002316  0.858831  0.855551
 8700.0  0.861083  0.000691  0.861588  0.860578
 8705.0  0.861975  0.001827  0.863266  0.860684
 8710.0  0.860591  0.004709  0.863922  0.857260
 8715.0  0.858033  0.007986  0.863685  0.852380
 8720.0  0.855402  0.010306  0.862687  0.848117
 8725.0  0.853563  0.010603  0.861057  0.846069
 8730.0  0.852423  0.009187  0.858925  0.845922
 8735.0  0.851653  0.006748  0.856420  0.846886
 8740.0  0.850921  0.003906  0.853674  0.848168
 8745.0  0.849884  0.001292  0.850815  0.848954
 8750.0  0.848151  0.000000  0.847974  0.848328
 8755.0  0.845304  0.000488  0.845258  0.845350
 8760.0  0.840883  0.002537  0.842685  0.839081
 8765.0  0.834755  0.007774  0.840249  0.829260
 8770.0  0.828149  0.013854  0.837944  0.818354
 8775.0  0.822636  0.018568  0.835766  0.809505
 8780.0  0.819784  0.019695  0.833709  0.805859
 8785.0  0.820588  0.015807  0.831767  0.809410
 8790.0  0.823743  0.008748  0.829935  0.817551
 8795.0  0.827365  0.001245  0.828208  0.826522
 8800.0  0.829574  0.004229  0.826580  0.832567
 8805.0  0.829011  0.005599  0.825047  0.832976
 8810.0  0.826419  0.003967  0.823604  0.829234
 8815.0  0.823063  0.001145  0.822248  0.823878
 8820.0  0.820209  0.001092  0.820976  0.819442
 8825.0  0.818809  0.001381  0.819784  0.817834
 8830.0  0.818560  0.000000  0.818669  0.818451
 8835.0  0.818844  0.001726  0.817628  0.820059
 8840.0  0.819043  0.003365  0.816657  0.821429
 8845.0  0.818698  0.004172  0.815752  0.821643
 8850.0  0.817983  0.004354  0.814911  0.821054
 8855.0  0.817229  0.004381  0.814127  0.820330
 8860.0  0.816763  0.004772  0.813388  0.820138
 8865.0  0.816762  0.005767  0.812676  0.820848
 8870.0  0.816810  0.006827  0.811976  0.821645
 8875.0  0.816342  0.007168  0.811272  0.821412
 8880.0  0.814792  0.006000  0.810548  0.819035
 8885.0  0.811882  0.002950  0.809788  0.813976
 8890.0  0.808483  0.000691  0.808976  0.807989
 8895.0  0.805752  0.003294  0.808096  0.803409
 8900.0  0.804848  0.003239  0.807131  0.802566
 8905.0  0.806463  0.000488  0.806073  0.806853
 8910.0  0.809423  0.006357  0.804935  0.813911
 8915.0  0.812090  0.011810  0.803739  0.820441
 8920.0  0.812824  0.014591  0.802504  0.823143
 8925.0  0.810503  0.013084  0.801253  0.819754
 8930.0  0.806075  0.008583  0.800005  0.812144
 8935.0  0.801001  0.003146  0.798781  0.803222
 8940.0  0.796748  0.001145  0.797602  0.795893
 8945.0  0.794435  0.002889  0.796489  0.792381
 8950.0  0.793820  0.002290  0.795462  0.792179
 8955.0  0.794316  0.000345  0.794537  0.794095
 8960.0  0.795325  0.002290  0.793711  0.796940
 8965.0  0.796286  0.004683  0.792975  0.799596
 8970.0  0.796783  0.006319  0.792320  0.801245
 8975.0  0.796440  0.006641  0.791739  0.801141
 8980.0  0.794880  0.005179  0.791221  0.798539
 8985.0  0.791972  0.001691  0.790760  0.793183
 8990.0  0.788562  0.002514  0.790347  0.786778
 8995.0  0.785744  0.005980  0.789972  0.781516
 9000.0  0.784609  0.007101  0.789627  0.779591
 9005.0  0.785971  0.004734  0.789306  0.782635
 9010.0  0.789521  0.000691  0.789009  0.790033
 9015.0  0.794672  0.008387  0.788737  0.800607
 9020.0  0.800837  0.017462  0.788492  0.813181
 9025.0  0.807348  0.026971  0.788275  0.826420
 9030.0  0.813220  0.035541  0.788089  0.838350
 9035.0  0.817388  0.041653  0.787935  0.846841
 9040.0  0.818788  0.043804  0.787815  0.849762
 9045.0  0.816729  0.041010  0.787730  0.845729
 9050.0  0.812018  0.034416  0.787682  0.836354
 9055.0  0.805834  0.025689  0.787669  0.823998
 9060.0  0.799348  0.016508  0.787674  0.811021
 9065.0  0.793604  0.008387  0.787674  0.799534
 9070.0  0.789150  0.002128  0.787648  0.790651
 9075.0  0.786405  0.001656  0.787575  0.785235
 9080.0  0.785791  0.002316  0.787432  0.784150
 9085.0  0.787434  0.000345  0.787198  0.787670
 9090.0  0.790279  0.004834  0.786853  0.793704
 9095.0  0.792972  0.009341  0.786373  0.799571
 9100.0  0.794163  0.011910  0.785737  0.802588
 9105.0  0.792889  0.011252  0.784933  0.800846
 9110.0  0.789745  0.008163  0.783978  0.795512
 9115.0  0.785712  0.003982  0.782898  0.788527
 9120.0  0.781775  0.000000  0.781720  0.781831
 9125.0  0.778635  0.002607  0.780470  0.776800
 9130.0  0.775869  0.004683  0.779175  0.772564
 9135.0  0.772775  0.007201  0.777861  0.767688
 9140.0  0.768647  0.011177  0.776554  0.760739
 9145.0  0.763117  0.017205  0.775281  0.750952
 9150.0  0.757156  0.023918  0.774068  0.740243
 9155.0  0.752066  0.029510  0.772934  0.731199
 9160.0  0.749135  0.032143  0.771866  0.726404
 9165.0  0.749236  0.030561  0.770846  0.727626
 9170.0  0.751601  0.025817  0.769853  0.733348
 9175.0  0.755051  0.019540  0.768868  0.741234
 9180.0  0.758411  0.013377  0.767871  0.748951
 9185.0  0.760717  0.008666  0.766843  0.754591
 9190.0  0.761867  0.005503  0.765763  0.757972
 9195.0  0.761976  0.003719  0.764612  0.759340
 9200.0  0.761156  0.003127  0.763371  0.758942
 9205.0  0.759571  0.003487  0.762027  0.757116
 9210.0  0.757584  0.004257  0.760596  0.754572
 9215.0  0.755606  0.004943  0.759100  0.752111
 9220.0  0.754049  0.004968  0.757564  0.750534
 9225.0  0.753152  0.004026  0.756010  0.750294
 9230.0  0.752452  0.002847  0.754462  0.750443
 9235.0  0.751314  0.002316  0.752942  0.749687
 9240.0  0.749102  0.003347  0.751473  0.746731
 9245.0  0.745479  0.006505  0.750080  0.740877
 9250.0  0.741307  0.010569  0.748784  0.733830
 9255.0  0.737748  0.013935  0.747603  0.727893
 9260.0  0.735944  0.014958  0.746522  0.725367
 9265.0  0.736628  0.012577  0.745521  0.727736
 9270.0  0.738892  0.008038  0.744580  0.733204
 9275.0  0.741416  0.003220  0.743679  0.739153
 9280.0  0.742883  0.000000  0.742798  0.742968
 9285.0  0.742240  0.000345  0.741916  0.742565
 9290.0  0.739501  0.002156  0.741012  0.737991
 9295.0  0.734946  0.007242  0.740067  0.729825
 9300.0  0.728853  0.014435  0.739060  0.718646
 9305.0  0.721805  0.022871  0.737979  0.705631
 9310.0  0.715593  0.030054  0.736845  0.694340
 9315.0  0.712308  0.033061  0.735686  0.688931
 9320.0  0.714046  0.028974  0.734533  0.693559
 9325.0  0.721927  0.016242  0.733413  0.710441
 9330.0  0.733188  0.001145  0.732356  0.734019
 9335.0  0.744094  0.017964  0.731391  0.756796
 9340.0  0.750910  0.028798  0.730546  0.771274
 9345.0  0.750989  0.029895  0.729851  0.772127
 9350.0  0.746031  0.023610  0.729335  0.762727
 9355.0  0.738818  0.013862  0.729016  0.748619
 9360.0  0.732108  0.004567  0.728868  0.735348
 9365.0  0.728228  0.000913  0.728852  0.727604
 9370.0  0.727793  0.001544  0.728932  0.726653
 9375.0  0.730988  0.002740  0.729071  0.732906
 9380.0  0.738002  0.012406  0.729231  0.746773
 9385.0  0.748380  0.026878  0.729375  0.767386
 9390.0  0.759111  0.041925  0.729465  0.788757
 9395.0  0.766543  0.052437  0.729464  0.803622
 9400.0  0.767024  0.053301  0.729335  0.804712
 9405.0  0.758196  0.041214  0.729052  0.787340
 9410.0  0.742874  0.020147  0.728630  0.757118
 9415.0  0.725167  0.004129  0.728096  0.722237
 9420.0  0.709183  0.025874  0.727478  0.690887
 9425.0  0.698296  0.040314  0.726802  0.669790
 9430.0  0.692940  0.046887  0.726095  0.659785
 9435.0  0.692815  0.046062  0.725385  0.660245
 9440.0  0.697619  0.038294  0.724698  0.670540
 9445.0  0.706621  0.024664  0.724061  0.689181
 9450.0  0.717367  0.008687  0.723501  0.711233
 9455.0  0.726971  0.005567  0.723038  0.730903
 9460.0  0.732531  0.013944  0.722668  0.742394
 9465.0  0.732010  0.013624  0.722377  0.741642
 9470.0  0.726826  0.006605  0.722154  0.731497
 9475.0  0.719263  0.003845  0.721987  0.716539
 9480.0  0.711606  0.014501  0.721862  0.701349
 9485.0  0.705844  0.022523  0.721769  0.689918
 9490.0  0.702789  0.026736  0.721695  0.683882
 9495.0  0.702960  0.026402  0.721628  0.684291
 9500.0  0.706874  0.020763  0.721556  0.692193
 9505.0  0.714572  0.009760  0.721468  0.707675
 9510.0  0.724172  0.003982  0.721361  0.726984
 9515.0  0.733318  0.017093  0.721233  0.745403
 9520.0  0.739650  0.026256  0.721082  0.758218
 9525.0  0.741469  0.029076  0.720908  0.762030
 9530.0  0.739709  0.026871  0.720707  0.758711
 9535.0  0.735964  0.021899  0.720479  0.751450
 9540.0  0.731829  0.016417  0.720221  0.743437
 9545.0  0.728612  0.012275  0.719932  0.737292
 9550.0  0.726485  0.009729  0.719611  0.733360
 9555.0  0.725337  0.008597  0.719257  0.731418
 9560.0  0.725059  0.008741  0.718875  0.731242
 9565.0  0.725429  0.009826  0.718474  0.732385
 9570.0  0.725778  0.010918  0.718060  0.733497
 9575.0  0.725323  0.010864  0.717641  0.733005
 9580.0  0.723279  0.008562  0.717223  0.729335
 9585.0  0.719271  0.003487  0.716816  0.721727
 9590.0  0.714551  0.002652  0.716424  0.712678
 9595.0  0.710778  0.007469  0.716057  0.705498
 9600.0  0.709609  0.008645  0.715721  0.703497
 9605.0  0.712034  0.004784  0.715420  0.708648
 9610.0  0.716356  0.001726  0.715141  0.717570
 9615.0  0.720206  0.007549  0.714870  0.725543
 9620.0  0.721218  0.009380  0.714589  0.727847
 9625.0  0.717814  0.004980  0.714284  0.721343
 9630.0  0.711572  0.003347  0.713938  0.709207
 9635.0  0.704864  0.012258  0.713535  0.696193
 9640.0  0.700058  0.018387  0.713061  0.687055
 9645.0  0.698875  0.019267  0.712498  0.685251
 9650.0  0.700440  0.016110  0.711831  0.689049
 9655.0  0.703235  0.011054  0.711051  0.695418
 9660.0  0.705750  0.006253  0.710172  0.701328
 9665.0  0.706843  0.003347  0.709215  0.704471
 9670.0  0.706811  0.001968  0.708202  0.705420
 9675.0  0.706312  0.001119  0.707153  0.705470
 9680.0  0.706003  0.000000  0.706089  0.705917
 9685.0  0.706311  0.001811  0.705032  0.707591
 9690.0  0.706731  0.003868  0.704001  0.709461
 9695.0  0.706526  0.004956  0.703019  0.710033
 9700.0  0.704959  0.004034  0.702107  0.707812
 9705.0  0.701635  0.000345  0.701281  0.701988
 9710.0  0.697521  0.004292  0.700548  0.694493
 9715.0  0.693926  0.008457  0.699909  0.687943
 9720.0  0.692159  0.010190  0.699365  0.684952
 9725.0  0.693058  0.008286  0.698920  0.687195
 9730.0  0.695573  0.004250  0.698573  0.692572
 9735.0  0.698184  0.000000  0.698328  0.698041
 9740.0  0.699372  0.001656  0.698186  0.700558
 9745.0  0.698086  0.000244  0.698148  0.698024
 9750.0  0.695168  0.004319  0.698217  0.692118
 9755.0  0.691924  0.009151  0.698390  0.685459
 9760.0  0.689656  0.012712  0.698643  0.680668
 9765.0  0.689352  0.013571  0.698947  0.679757
 9770.0  0.690786  0.012005  0.699276  0.682297
 9775.0  0.693424  0.008735  0.699600  0.687249
 9780.0  0.696733  0.004462  0.699891  0.693575
 9785.0  0.700194  0.000244  0.700121  0.700267
 9790.0  0.703347  0.004354  0.700262  0.706432
 9795.0  0.705745  0.007713  0.700285  0.711206
 9800.0  0.706944  0.009584  0.700162  0.713725
 9805.0  0.706682  0.009621  0.699874  0.713489
 9810.0  0.705441  0.008499  0.699435  0.711447
 9815.0  0.703890  0.007093  0.698870  0.708911
 9820.0  0.702696  0.006348  0.698202  0.707191
 9825.0  0.702287  0.006836  0.697454  0.707119
 9830.0  0.702131  0.007747  0.696651  0.707610
 9835.0  0.701457  0.007979  0.695816  0.707098
 9840.0  0.699495  0.006394  0.694972  0.704017
 9845.0  0.695831  0.002392  0.694144  0.697517
 9850.0  0.691484  0.002629  0.693355  0.689612
 9855.0  0.687827  0.006779  0.692622  0.683032
 9860.0  0.686222  0.008082  0.691938  0.680506
 9865.0  0.687519  0.005332  0.691289  0.683748
 9870.0  0.690534  0.000244  0.690661  0.690407
 9875.0  0.693578  0.004997  0.690040  0.697116
 9880.0  0.694960  0.007843  0.689411  0.700508
 9885.0  0.693511  0.006717  0.688762  0.698260
 9890.0  0.690154  0.002930  0.688078  0.692231
 9895.0  0.686335  0.001444  0.687344  0.685327
 9900.0  0.683499  0.004312  0.686548  0.680450
 9905.0  0.682712  0.004200  0.685681  0.679743
 9910.0  0.683527  0.001726  0.684764  0.682289
 9915.0  0.685115  0.001811  0.683823  0.686408
 9920.0  0.686652  0.005338  0.682884  0.690421
 9925.0  0.687453  0.007751  0.681973  0.692933
 9930.0  0.687402  0.008894  0.681117  0.693686
 9935.0  0.686526  0.008738  0.680342  0.692710
 9940.0  0.684853  0.007320  0.679675  0.690031
 9945.0  0.682492  0.004747  0.679142  0.685843
 9950.0  0.679886  0.001582  0.678768  0.681004
 9955.0  0.677555  0.001465  0.678572  0.676538
 9960.0  0.676001  0.003596  0.678536  0.673467
 9965.0  0.675585  0.004305  0.678631  0.672538
 9970.0  0.676110  0.003860  0.678832  0.673388
 9975.0  0.677243  0.002641  0.679110  0.675377
 9980.0  0.678652  0.001092  0.679438  0.677866
 9985.0  0.680038  0.000345  0.679790  0.680286
 9990.0  0.681246  0.001601  0.680138  0.682354
 9995.0  0.682157  0.002405  0.680455  0.683859
10000.0  0.682651  0.002730  0.680713  0.684589
10005.0  0.682682  0.002525  0.680893  0.684471
10010.0  0.682493  0.002114  0.680999  0.683987
10015.0  0.682400  0.001922  0.681045  0.683755
10020.0  0.682719  0.002354  0.681042  0.684396
10025.0  0.683631  0.003711  0.681004  0.686257
10030.0  0.684773  0.005421  0.680943  0.688604
10035.0  0.685651  0.006757  0.680870  0.690432
10040.0  0.685767  0.007017  0.680800  0.690734
10045.0  0.684792  0.005736  0.680743  0.688840
10050.0  0.683065  0.003312  0.680713  0.685417
10055.0  0.681091  0.000488  0.680716  0.681465
10060.0  0.679362  0.001953  0.680736  0.677988
10065.0  0.678280  0.003496  0.680749  0.675811
10070.0  0.677898  0.004012  0.680733  0.675064
10075.0  0.678184  0.003513  0.680666  0.675702
10080.0  0.679104  0.002013  0.680525  0.677682
10085.0  0.680494  0.000000  0.680287  0.680700
10090.0  0.681675  0.002466  0.679930  0.683420
10095.0  0.681839  0.003418  0.679431  0.684248
10100.0  0.680179  0.001983  0.678768  0.681589
10105.0  0.676273  0.002316  0.677928  0.674619
10110.0  0.671263  0.008027  0.676938  0.665589
10115.0  0.666677  0.012946  0.675835  0.657520
10120.0  0.664044  0.015006  0.674656  0.653432
10125.0  0.664400  0.012782  0.673438  0.655361
10130.0  0.666808  0.007658  0.672219  0.661396
10135.0  0.669840  0.001691  0.671036  0.668644
10140.0  0.672067  0.003030  0.669926  0.674208
10145.0  0.672436  0.004974  0.668925  0.675948
10150.0  0.671408  0.004721  0.668071  0.674745
10155.0  0.669812  0.003435  0.667390  0.672234
10160.0  0.668455  0.002238  0.666860  0.670051
10165.0  0.667894  0.002057  0.666450  0.669339
10170.0  0.667700  0.002224  0.666126  0.669275
10175.0  0.667201  0.001922  0.665856  0.668545
10180.0  0.665721  0.000000  0.665608  0.665835
10185.0  0.662892  0.003487  0.665349  0.660436
10190.0  0.659556  0.007767  0.665046  0.654065
10195.0  0.656856  0.011049  0.664668  0.649043
10200.0  0.655938  0.011660  0.664182  0.647694
10205.0  0.657512  0.008555  0.663562  0.651461
10210.0  0.660550  0.003193  0.662820  0.658280
10215.0  0.663588  0.002264  0.661970  0.665205
10220.0  0.665162  0.005844  0.661031  0.669294
10225.0  0.664242  0.005965  0.660018  0.668465
10230.0  0.661523  0.003654  0.658950  0.664095
10235.0  0.658132  0.000423  0.657843  0.658422
10240.0  0.655199  0.002142  0.656713  0.653685
10245.0  0.653582  0.002805  0.655579  0.651585
10250.0  0.653066  0.001968  0.654457  0.651675
10255.0  0.653165  0.000244  0.653360  0.652969
10260.0  0.653385  0.001544  0.652286  0.654484
10265.0  0.653292  0.002940  0.651228  0.655356
10270.0  0.652693  0.003555  0.650180  0.655206
10275.0  0.651457  0.003275  0.649137  0.653777
10280.0  0.649451  0.001907  0.648091  0.650810
10285.0  0.646666  0.000488  0.647036  0.646296
10290.0  0.643589  0.003374  0.645967  0.641211
10295.0  0.640829  0.005731  0.644877  0.636782
10300.0  0.638996  0.006739  0.643760  0.634231
10305.0  0.638472  0.005854  0.642614  0.634331
10310.0  0.638746  0.003845  0.641454  0.636039
10315.0  0.639078  0.001761  0.640299  0.637857
10320.0  0.638730  0.000691  0.639170  0.638290
10325.0  0.637241  0.001171  0.638087  0.636395
10330.0  0.635257  0.002561  0.637068  0.633447
10335.0  0.633703  0.003427  0.636134  0.631272
10340.0  0.633502  0.002549  0.635304  0.631700
10345.0  0.635219  0.000846  0.634598  0.635839
10350.0  0.637979  0.005573  0.634036  0.641922
10355.0  0.640545  0.009781  0.633630  0.647459
10360.0  0.641666  0.011737  0.633367  0.649965
10365.0  0.640487  0.010268  0.633228  0.647747
10370.0  0.637748  0.006450  0.633192  0.642304
10375.0  0.634586  0.001907  0.633240  0.635931
10380.0  0.632138  0.001744  0.633351  0.630924
10385.0  0.631282  0.003136  0.633507  0.629058
10390.0  0.631860  0.002584  0.633686  0.630035
10395.0  0.633453  0.000546  0.633869  0.633038
10400.0  0.635643  0.002277  0.634036  0.637251
10405.0  0.637971  0.005377  0.634170  0.641771
10410.0  0.639814  0.007835  0.634271  0.645357
10415.0  0.640512  0.008731  0.634339  0.646686
10420.0  0.639403  0.007114  0.634375  0.644431
10425.0  0.636165  0.002502  0.634383  0.637947
10430.0  0.631834  0.003571  0.634362  0.629306
10435.0  0.627788  0.009235  0.634316  0.621261
10440.0  0.625404  0.012504  0.634245  0.616563
10445.0  0.625608  0.012079  0.634151  0.617066
10450.0  0.627535  0.009187  0.634036  0.621034
10455.0  0.629867  0.005705  0.633901  0.625833
10460.0  0.631288  0.003478  0.633748  0.628828
10465.0  0.630917  0.003758  0.633579  0.628256
10470.0  0.629611  0.005360  0.633396  0.625827
10475.0  0.628662  0.006422  0.633200  0.624124
10480.0  0.629360  0.005139  0.632993  0.625728
10485.0  0.632492  0.000423  0.632776  0.632208
10490.0  0.636819  0.006035  0.632553  0.641085
10495.0  0.640596  0.011698  0.632324  0.648869
10500.0  0.642080  0.014131  0.632091  0.652069
10505.0  0.640104  0.011668  0.631855  0.648352
10510.0  0.635820  0.005940  0.631618  0.640022
10515.0  0.630960  0.000598  0.631378  0.630542
10520.0  0.627255  0.005481  0.631136  0.623374
10525.0  0.626024  0.006892  0.630892  0.621156
10530.0  0.626933  0.005253  0.630646  0.623221
10535.0  0.629239  0.001656  0.630398  0.628080
10540.0  0.632195  0.002889  0.630147  0.634243
10545.0  0.635134  0.007409  0.629895  0.640373
10550.0  0.637693  0.011389  0.629640  0.645746
10555.0  0.639589  0.014431  0.629384  0.649794
10560.0  0.640536  0.016137  0.629125  0.651947
10565.0  0.640324  0.016209  0.628864  0.651784
10570.0  0.639045  0.014768  0.628601  0.649488
10575.0  0.636862  0.012055  0.628336  0.645387
10580.0  0.633941  0.008304  0.628070  0.639812
10585.0  0.630516  0.003845  0.627800  0.633232
10590.0  0.627103  0.000546  0.627529  0.626677
10595.0  0.624285  0.004193  0.627256  0.621314
10600.0  0.622646  0.006128  0.626981  0.618312
10605.0  0.622600  0.005798  0.626704  0.618496
10610.0  0.623875  0.003596  0.626424  0.621326
10615.0  0.626032  0.000244  0.626143  0.625920
10620.0  0.628628  0.003921  0.625860  0.631397
