 1150.0  0.000000  0.000000  0.000000  0.000000
 1155.0  0.000000  0.000000  0.000000  0.000000
 1160.0  0.000000  0.000000  0.000000  0.000000
 1165.0  0.000000  0.000000  0.000000  0.000000
 1170.0  0.000000  0.000000  0.000000  0.000000
 1175.0  0.000000  0.000000  0.000000  0.000000
 1180.0  0.000000  0.000000  0.000000  0.000000
 1185.0  0.000000  0.000000  0.000000  0.000000
 1190.0  0.000000  0.000000  0.000000  0.000000
 1195.0  0.000000  0.000000  0.000000  0.000000
 1200.0  0.000000  0.000000  0.000000  0.000000
 1205.0  0.000000  0.000000 -0.000000  0.000000
 1210.0  0.000000  0.000000 -0.000000  0.000000
 1215.0  0.000000  0.000000 -0.000000  0.000000
 1220.0  0.000000  0.000000 -0.000000  0.000000
 1225.0  0.000000  0.000000 -0.000000  0.000000
 1230.0  0.000000  0.000000 -0.000000  0.000000
 1235.0  0.000000  0.000000 -0.000000  0.000000
 1240.0  0.000000  0.000000 -0.000000  0.000000
 1245.0  0.000000  0.000000 -0.000000  0.000000
 1250.0  0.000000  0.000000  0.000000  0.000000
 1255.0  0.000000  0.000000  0.000000  0.000000
 1260.0  0.000000  0.000000  0.000000  0.000000
 1265.0  0.000000  0.000000  0.000000  0.000000
 1270.0  0.000000  0.000000  0.000000  0.000000
 1275.0  0.000000  0.000000  0.000000  0.000000
 1280.0  0.000000  0.000000  0.000000  0.000000
 1285.0  0.000000  0.000000  0.000000  0.000000
 1290.0  0.000000  0.000000  0.000000  0.000000
 1295.0  0.000000  0.000000  0.000000  0.000000
 1300.0  0.000000  0.000000  0.000000  0.000000
 1305.0  0.000000  0.000000 -0.000000  0.000000
 1310.0  0.000000  0.000000 -0.000000  0.000000
 1315.0  0.000000  0.000000 -0.000000  0.000000
 1320.0  0.000000  0.000000 -0.000000  0.000000
 1325.0  0.000000  0.000000 -0.000000  0.000000
 1330.0  0.000000  0.000000 -0.000000  0.000000
 1335.0  0.000000  0.000000 -0.000000  0.000000
 1340.0  0.000000  0.000000 -0.000000  0.000000
 1345.0  0.000000  0.000000 -0.000000  0.000000
 1350.0  0.000000  0.000000  0.000000  0.000000
 1355.0  0.000000  0.000000  0.000000  0.000000
 1360.0  0.000000  0.000000  0.000000  0.000000
 1365.0  0.000000  0.000000  0.000000  0.000000
 1370.0  0.000000  0.000000  0.000000  0.000000
 1375.0  0.000000  0.000000  0.000000  0.000000
 1380.0  0.000000  0.000000  0.000000  0.000000
 1385.0  0.000000  0.000000  0.000000  0.000000
 1390.0  0.000000  0.000000  0.000000  0.000000
 1395.0  0.000000  0.000000  0.000000  0.000000
 1400.0  0.000000  0.000000  0.000000  0.000000
 1405.0  0.000000  0.000000 -0.000000  0.000000
 1410.0  0.000000  0.000000 -0.000000  0.000000
 1415.0  0.000000  0.000000 -0.000000  0.000000
 1420.0  0.000000  0.000000 -0.000000  0.000000
 1425.0  0.000000  0.000000 -0.000000  0.000000
 1430.0  0.000000  0.000000 -0.000000  0.000000
 1435.0  0.000000  0.000000 -0.000000  0.000000
 1440.0  0.000000  0.000000 -0.000000  0.000000
 1445.0  0.000000  0.000000 -0.000000  0.000000
 1450.0  0.000000  0.000000  0.000000  0.000000
 1455.0  0.000000  0.000000  0.000000  0.000000
 1460.0  0.000000  0.000000  0.000000  0.000000
 1465.0  0.000000  0.000000  0.000000  0.000000
 1470.0  0.000000  0.000000  0.000000  0.000000
 1475.0  0.000000  0.000000  0.000000  0.000000
 1480.0  0.000000  0.000000  0.000000  0.000000
 1485.0  0.000000  0.000000  0.000000  0.000000
 1490.0  0.000000  0.000000  0.000000  0.000000
 1495.0  0.000000  0.000000  0.000000  0.000000
 1500.0  0.000000  0.000000  0.000000  0.000000
 1505.0  0.000000  0.000000 -0.000000  0.000000
 1510.0  0.000000  0.000000 -0.000000  0.000000
 1515.0  0.000000  0.000000 -0.000000  0.000000
 1520.0  0.000000  0.000000 -0.000000  0.000000
 1525.0  0.000000  0.000000 -0.000000  0.000000
 1530.0  0.000000  0.000000 -0.000000  0.000000
 1535.0  0.000000  0.000000 -0.000000  0.000000
 1540.0  0.000000  0.000000 -0.000000  0.000000
 1545.0  0.000000  0.000000 -0.000000  0.000000
 1550.0  0.000000  0.000000  0.000000  0.000000
 1555.0  0.000000  0.000000  0.000000  0.000000
 1560.0  0.000000  0.000000  0.000000  0.000000
 1565.0  0.000000  0.000000  0.000000  0.000000
 1570.0  0.000000  0.000000  0.000000  0.000000
 1575.0  0.000000  0.000000  0.000000  0.000000
 1580.0  0.000000  0.000000  0.000000  0.000000
 1585.0  0.000000  0.000000  0.000000  0.000000
 1590.0  0.000000  0.000000  0.000000  0.000000
 1595.0  0.000000  0.000000  0.000000  0.000000
 1600.0  0.000000  0.000000  0.000000  0.000000
 1605.0  0.000000  0.000000 -0.000000  0.000000
 1610.0  0.000000  0.000000 -0.000000  0.000000
 1615.0  0.000000  0.000000 -0.000000  0.000000
 1620.0  0.000000  0.000000 -0.000000  0.000000
 1625.0  0.000000  0.000000 -0.000000  0.000000
 1630.0  0.000000  0.000000 -0.000000  0.000000
 1635.0  0.000000  0.000000 -0.000000  0.000000
 1640.0  0.000000  0.000000 -0.000000  0.000000
 1645.0  0.000000  0.000000 -0.000000  0.000000
 1650.0  0.000000  0.000000  0.000000  0.000000
 1655.0  0.000000  0.000000  0.000000  0.000000
 1660.0  0.000000  0.000000  0.000000  0.000000
 1665.0  0.000000  0.000000  0.000000  0.000000
 1670.0  0.000000  0.000000  0.000000  0.000000
 1675.0  0.000000  0.000000  0.000000  0.000000
 1680.0  0.000000  0.000000  0.000000  0.000000
 1685.0  0.000000  0.000000  0.000000  0.000000
 1690.0  0.000000  0.000000  0.000000  0.000000
 1695.0  0.000000  0.000000  0.000000  0.000000
 1700.0  0.000000  0.000000  0.000000  0.000000
 1705.0  0.000000  0.000000 -0.000000  0.000000
 1710.0  0.000000  0.000000 -0.000000  0.000000
 1715.0  0.000000  0.000000 -0.000000  0.000000
 1720.0  0.000000  0.000000 -0.000000  0.000000
 1725.0  0.000000  0.000000 -0.000000  0.000000
 1730.0  0.000000  0.000000 -0.000000  0.000000
 1735.0  0.000000  0.000000 -0.000000  0.000000
 1740.0  0.000000  0.000000 -0.000000  0.000000
 1745.0  0.000000  0.000000 -0.000000  0.000000
 1750.0  0.000000  0.000000  0.000000  0.000000
 1755.0  0.000000  0.000000  0.000000  0.000000
 1760.0  0.000000  0.000000  0.000000  0.000000
 1765.0  0.000000  0.000000  0.000000  0.000000
 1770.0  0.000000  0.000000  0.000000  0.000000
 1775.0  0.000000  0.000000  0.000000  0.000000
 1780.0  0.000000  0.000000  0.000000  0.000000
 1785.0  0.000000  0.000000  0.000000  0.000000
 1790.0  0.000000  0.000000  0.000000  0.000000
 1795.0  0.000000  0.000000  0.000000  0.000000
 1800.0  0.000000  0.000000  0.000000  0.000000
 1805.0  0.000000  0.000000 -0.000000  0.000000
 1810.0  0.000000  0.000000 -0.000000  0.000000
 1815.0  0.000000  0.000000 -0.000000  0.000000
 1820.0  0.000000  0.000000 -0.000000  0.000000
 1825.0  0.000000  0.000000 -0.000000  0.000000
 1830.0  0.000000  0.000000 -0.000000  0.000000
 1835.0  0.000000  0.000000 -0.000000  0.000000
 1840.0  0.000000  0.000000 -0.000000  0.000000
 1845.0  0.000000  0.000000 -0.000000  0.000000
 1850.0  0.000000  0.000000  0.000000  0.000000
 1855.0  0.000000  0.000000  0.000000  0.000000
 1860.0  0.000000  0.000000  0.000000  0.000000
 1865.0  0.000000  0.000000  0.000000  0.000000
 1870.0  0.000000  0.000000  0.000000  0.000000
 1875.0  0.000000  0.000000  0.000000  0.000000
 1880.0  0.000000  0.000000  0.000000  0.000000
 1885.0  0.000000  0.000000  0.000000  0.000000
 1890.0  0.000000  0.000000  0.000000  0.000000
 1895.0  0.000000  0.000000  0.000000  0.000000
 1900.0  0.000000  0.000000  0.000000  0.000000
 1905.0  0.000000  0.000000 -0.000000  0.000000
 1910.0  0.000000  0.000000 -0.000000  0.000000
 1915.0  0.000000  0.000000 -0.000000  0.000000
 1920.0  0.000000  0.000000 -0.000000  0.000000
 1925.0  0.000000  0.000000 -0.000000  0.000000
 1930.0  0.000000  0.000000 -0.000000  0.000000
 1935.0  0.000000  0.000000 -0.000000  0.000000
 1940.0  0.000000  0.000000 -0.000000  0.000000
 1945.0  0.000000  0.000000 -0.000000  0.000000
 1950.0  0.000000  0.000000  0.000000  0.000000
 1955.0  0.000000  0.000000  0.000000  0.000000
 1960.0  0.000000  0.000000  0.000000  0.000000
 1965.0  0.000000  0.000000  0.000000  0.000000
 1970.0  0.000000  0.000000  0.000000  0.000000
 1975.0  0.000000  0.000000  0.000000  0.000000
 1980.0  0.000000  0.000000  0.000000  0.000000
 1985.0  0.000000  0.000000  0.000000  0.000000
 1990.0  0.000000  0.000000  0.000000  0.000000
 1995.0  0.000000  0.000000  0.000000  0.000000
 2000.0  0.000000  0.000000  0.000000  0.000000
 2005.0  0.000000  0.000000 -0.000000  0.000000
 2010.0  0.000000  0.000000 -0.000000  0.000000
 2015.0  0.000000  0.000000 -0.000000  0.000000
 2020.0  0.000000  0.000000 -0.000000  0.000000
 2025.0  0.000000  0.000000 -0.000000  0.000000
 2030.0  0.000000  0.000000 -0.000000  0.000000
 2035.0  0.000000  0.000000 -0.000000  0.000000
 2040.0  0.000000  0.000000 -0.000000  0.000000
 2045.0  0.000000  0.000000 -0.000000  0.000000
 2050.0  0.000000  0.000000  0.000000  0.000000
 2055.0  0.000000  0.000000  0.000000  0.000000
 2060.0  0.000000  0.000000  0.000000  0.000000
 2065.0  0.000000  0.000000  0.000000  0.000000
 2070.0  0.000000  0.000000  0.000000  0.000000
 2075.0  0.000000  0.000000  0.000000  0.000000
 2080.0  0.000000  0.000000  0.000000  0.000000
 2085.0  0.000000  0.000000  0.000000  0.000000
 2090.0  0.000000  0.000000  0.000000  0.000000
 2095.0  0.000000  0.000000  0.000000  0.000000
 2100.0  0.000000  0.000000  0.000000  0.000000
 2105.0  0.000000  0.000000 -0.000000  0.000000
 2110.0  0.000000  0.000000 -0.000000  0.000000
 2115.0  0.000000  0.000000 -0.000000  0.000000
 2120.0  0.000000  0.000000 -0.000000  0.000000
 2125.0  0.000000  0.000000 -0.000000  0.000000
 2130.0  0.000000  0.000000 -0.000000  0.000000
 2135.0  0.000000  0.000000 -0.000000  0.000000
 2140.0  0.000000  0.000000 -0.000000  0.000000
 2145.0  0.000000  0.000000 -0.000000  0.000000
 2150.0  0.000000  0.000000  0.000000  0.000000
 2155.0  0.000000  0.000000  0.000000  0.000000
 2160.0  0.000000  0.000000  0.000000  0.000000
 2165.0  0.000000  0.000000  0.000000  0.000000
 2170.0  0.000000  0.000000  0.000000  0.000000
 2175.0  0.000000  0.000000  0.000000  0.000000
 2180.0  0.000000  0.000000  0.000000  0.000000
 2185.0  0.000000  0.000000  0.000000  0.000000
 2190.0  0.000000  0.000000  0.000000  0.000000
 2195.0  0.000000  0.000000  0.000000  0.000000
 2200.0  0.000000  0.000000  0.000000  0.000000
 2205.0  0.000000  0.000000 -0.000000  0.000000
 2210.0  0.000000  0.000000 -0.000000  0.000000
 2215.0  0.000000  0.000000 -0.000000  0.000000
 2220.0  0.000000  0.000000 -0.000000  0.000000
 2225.0  0.000000  0.000000 -0.000000  0.000000
 2230.0  0.000000  0.000000 -0.000000  0.000000
 2235.0  0.000000  0.000000 -0.000000  0.000000
 2240.0  0.000000  0.000000 -0.000000  0.000000
 2245.0  0.000000  0.000000 -0.000000  0.000000
 2250.0  0.000000  0.000000  0.000000  0.000000
 2255.0  0.000000  0.000000  0.000000  0.000000
 2260.0  0.000000  0.000000  0.000000  0.000000
 2265.0  0.000000  0.000000  0.000000  0.000000
 2270.0  0.000000  0.000000  0.000000  0.000000
 2275.0  0.000000  0.000000  0.000000  0.000000
 2280.0  0.000000  0.000000  0.000000  0.000000
 2285.0  0.000000  0.000000  0.000000  0.000000
 2290.0  0.000000  0.000000  0.000000  0.000000
 2295.0  0.000000  0.000000  0.000000  0.000000
 2300.0  0.000000  0.000000  0.000000  0.000000
 2305.0  0.000000  0.000000 -0.000000  0.000000
 2310.0  0.000000  0.000000 -0.000000  0.000000
 2315.0  0.000000  0.000000 -0.000000  0.000000
 2320.0  0.000000  0.000000 -0.000000  0.000000
 2325.0  0.000000  0.000000 -0.000000  0.000000
 2330.0  0.000000  0.000000 -0.000000  0.000000
 2335.0  0.000000  0.000000 -0.000000  0.000000
 2340.0  0.000000  0.000000 -0.000000  0.000000
 2345.0  0.000000  0.000000 -0.000000  0.000000
 2350.0  0.000000  0.000000  0.000000  0.000000
 2355.0  0.000000  0.000000  0.000000  0.000000
 2360.0  0.000000  0.000000  0.000000  0.000000
 2365.0  0.000000  0.000000  0.000000  0.000000
 2370.0  0.000000  0.000000  0.000000  0.000000
 2375.0  0.000000  0.000000  0.000000  0.000000
 2380.0  0.000000  0.000000  0.000000  0.000000
 2385.0  0.000000  0.000000  0.000000  0.000000
 2390.0  0.000000  0.000000  0.000000  0.000000
 2395.0  0.000000  0.000000  0.000000  0.000000
 2400.0  0.000000  0.000000  0.000000  0.000000
 2405.0  0.000000  0.000000 -0.000000  0.000000
 2410.0  0.000000  0.000000 -0.000000  0.000000
 2415.0  0.000000  0.000000 -0.000000  0.000000
 2420.0  0.000000  0.000000 -0.000000  0.000000
 2425.0  0.000000  0.000000 -0.000000  0.000000
 2430.0  0.000000  0.000000 -0.000000  0.000000
 2435.0  0.000000  0.000000 -0.000000  0.000000
 2440.0  0.000000  0.000000 -0.000000  0.000000
 2445.0  0.000000  0.000000 -0.000000  0.000000
 2450.0  0.000000  0.000000  0.000000  0.000000
 2455.0  0.000000  0.000000  0.000000  0.000000
 2460.0  0.000000  0.000000  0.000000  0.000000
 2465.0  0.000000  0.000000  0.000000  0.000000
 2470.0  0.000000  0.000000  0.000000  0.000000
 2475.0  0.000000  0.000000  0.000000  0.000000
 2480.0  0.000000  0.000000  0.000000  0.000000
 2485.0  0.000000  0.000000  0.000000  0.000000
 2490.0  0.000000  0.000000  0.000000  0.000000
 2495.0  0.000000  0.000000  0.000000  0.000000
 2500.0  0.000000  0.000000  0.000000  0.000000
 2505.0  0.000000  0.000000 -0.000000  0.000000
 2510.0  0.000000  0.000000 -0.000000  0.000000
 2515.0  0.000000  0.000000 -0.000000  0.000000
 2520.0  0.000000  0.000000 -0.000000  0.000000
 2525.0  0.000000  0.000000 -0.000000  0.000000
 2530.0  0.000000  0.000000 -0.000000  0.000000
 2535.0  0.000000  0.000000 -0.000000  0.000000
 2540.0  0.000000  0.000000 -0.000000  0.000000
 2545.0  0.000000  0.000000 -0.000000  0.000000
 2550.0  0.000000  0.000000  0.000000  0.000000
 2555.0  0.000000  0.000000  0.000000  0.000000
 2560.0  0.000000  0.000000  0.000000  0.000000
 2565.0  0.000000  0.000000  0.000000  0.000000
 2570.0  0.000000  0.000000  0.000000  0.000000
 2575.0  0.000000  0.000000  0.000000  0.000000
 2580.0  0.000000  0.000000  0.000000  0.000000
 2585.0  0.000000  0.000000  0.000000  0.000000
 2590.0  0.000000  0.000000  0.000000  0.000000
 2595.0  0.000000  0.000000  0.000000  0.000000
 2600.0  0.000000  0.000000  0.000000  0.000000
 2605.0  0.000000  0.000000 -0.000000  0.000000
 2610.0  0.000000  0.000000 -0.000000  0.000000
 2615.0  0.000000  0.000000 -0.000000  0.000000
 2620.0  0.000000  0.000000 -0.000000  0.000000
 2625.0  0.000000  0.000000 -0.000000  0.000000
 2630.0  0.000000  0.000000 -0.000000  0.000000
 2635.0  0.000000  0.000000 -0.000000  0.000000
 2640.0  0.000000  0.000000 -0.000000  0.000000
 2645.0  0.000000  0.000000 -0.000000  0.000000
 2650.0  0.000000  0.000000  0.000000  0.000000
 2655.0  0.000000  0.000000  0.000000  0.000000
 2660.0  0.000000  0.000000  0.000000  0.000000
 2665.0  0.000000  0.000000  0.000000  0.000000
 2670.0  0.000000  0.000000  0.000000  0.000000
 2675.0  0.000000  0.000000  0.000000  0.000000
 2680.0  0.000000  0.000000  0.000000  0.000000
 2685.0  0.000000  0.000000  0.000000  0.000000
 2690.0  0.000000  0.000000  0.000000  0.000000
 2695.0  0.000000  0.000000  0.000000  0.000000
 2700.0  0.000000  0.000000  0.000000  0.000000
 2705.0  0.000000  0.000000 -0.000000  0.000000
 2710.0  0.000000  0.000000 -0.000000  0.000000
 2715.0  0.000000  0.000000 -0.000001  0.000000
 2720.0  0.000000  0.000000 -0.000001  0.000000
 2725.0  0.000000  0.000000 -0.000001  0.000000
 2730.0  0.000000  0.000000 -0.000001  0.000000
 2735.0  0.000000  0.000000 -0.000001  0.000000
 2740.0  0.000000  0.000000 -0.000001  0.000000
 2745.0  0.000000  0.000000 -0.000000  0.000000
 2750.0  0.000000  0.000000  0.000000  0.000000
 2755.0  0.000001  0.000000  0.000001  0.000000
 2760.0  0.000001  0.000000  0.000001  0.000000
 2765.0  0.000002  0.000000  0.000002  0.000000
 2770.0  0.000003  0.000000  0.000003  0.000000
 2775.0  0.000003  0.000000  0.000003  0.000000
 2780.0  0.000004  0.000000  0.000004  0.000000
 2785.0  0.000004  0.000000  0.000004  0.000000
 2790.0  0.000003  0.000000  0.000003  0.000000
 2795.0  0.000002  0.000000  0.000002  0.000000
 2800.0  0.000000  0.000000  0.000000  0.000000
 2805.0  0.000000  0.000000 -0.000003  0.000000
 2810.0  0.000000  0.000000 -0.000005  0.000000
 2815.0  0.000000  0.000000 -0.000008  0.000000
 2820.0  0.000000  0.000000 -0.000011  0.000000
 2825.0  0.000000  0.000000 -0.000013  0.000000
 2830.0  0.000000  0.000000 -0.000014  0.000000
 2835.0  0.000000  0.000000 -0.000013  0.000000
 2840.0  0.000000  0.000000 -0.000011  0.000000
 2845.0  0.000000  0.000000 -0.000007  0.000000
 2850.0  0.000000  0.000000  0.000000  0.000000
 2855.0  0.000009  0.000000  0.000009  0.000000
 2860.0  0.000020  0.000000  0.000020  0.000000
 2865.0  0.000031  0.000000  0.000031  0.000000
 2870.0  0.000041  0.000000  0.000041  0.000000
 2875.0  0.000049  0.000000  0.000049  0.000000
 2880.0  0.000052  0.000000  0.000052  0.000000
 2885.0  0.000050  0.000000  0.000050  0.000000
 2890.0  0.000042  0.000000  0.000042  0.000000
 2895.0  0.000026  0.000000  0.000026  0.000000
 2900.0  0.000000  0.000000  0.000000  0.000000
 2905.0  0.000000  0.000000 -0.000035  0.000000
 2910.0  0.000000  0.000000 -0.000076  0.000000
 2915.0  0.000000  0.000000 -0.000117  0.000000
 2920.0  0.000000  0.000000 -0.000154  0.000000
 2925.0  0.000000  0.000000 -0.000182  0.000000
 2930.0  0.000000  0.000000 -0.000194  0.000000
 2935.0  0.000000  0.000000 -0.000188  0.000000
 2940.0  0.000000  0.000000 -0.000156  0.000000
 2945.0  0.000000  0.000000 -0.000096  0.000000
 2950.0  0.000000  0.000000  0.000000  0.000000
 2955.0  0.000133  0.000000  0.000133  0.000000
 2960.0  0.000299  0.000000  0.000299  0.000000
 2965.0  0.000491  0.000000  0.000491  0.000000
 2970.0  0.000701  0.000000  0.000701  0.000000
 2975.0  0.000923  0.000000  0.000923  0.000000
 2980.0  0.001149  0.000000  0.001149  0.000000
 2985.0  0.001373  0.000000  0.001373  0.000000
 2990.0  0.001588  0.000000  0.001588  0.000000
 2995.0  0.001786  0.000000  0.001786  0.000000
 3000.0  0.001961  0.000000  0.001961  0.000000
 3005.0  0.002107  0.000000  0.002107  0.000000
 3010.0  0.002229  0.000000  0.002229  0.000000
 3015.0  0.002330  0.000000  0.002330  0.000000
 3020.0  0.002418  0.000000  0.002418  0.000000
 3025.0  0.002496  0.000000  0.002496  0.000000
 3030.0  0.002571  0.000000  0.002571  0.000000
 3035.0  0.002648  0.000000  0.002648  0.000000
 3040.0  0.002731  0.000000  0.002731  0.000000
 3045.0  0.002827  0.000000  0.002827  0.000000
 3050.0  0.002941  0.000000  0.002941  0.000000
 3055.0  0.003077  0.000000  0.003077  0.000000
 3060.0  0.003233  0.000000  0.003233  0.000000
 3065.0  0.003407  0.000000  0.003407  0.000000
 3070.0  0.003597  0.000000  0.003597  0.000000
 3075.0  0.003798  0.000000  0.003798  0.000000
 3080.0  0.004010  0.000000  0.004010  0.000000
 3085.0  0.004229  0.000000  0.004229  0.000000
 3090.0  0.004452  0.000000  0.004452  0.000000
 3095.0  0.004678  0.000000  0.004678  0.000000
 3100.0  0.004902  0.000000  0.004902  0.000000
 3105.0  0.005123  0.000000  0.005123  0.000000
 3110.0  0.005340  0.000000  0.005340  0.000000
 3115.0  0.005553  0.000000  0.005553  0.000000
 3120.0  0.005760  0.000000  0.005760  0.000000
 3125.0  0.005962  0.000000  0.005962  0.000000
 3130.0  0.006157  0.000000  0.006157  0.000000
 3135.0  0.006345  0.000000  0.006345  0.000000
 3140.0  0.006526  0.000000  0.006526  0.000000
 3145.0  0.006699  0.000000  0.006699  0.000000
 3150.0  0.006863  0.000000  0.006863  0.000000
 3155.0  0.007017  0.000000  0.007017  0.000000
 3160.0  0.007162  0.000000  0.007162  0.000000
 3165.0  0.007295  0.000000  0.007295  0.000000
 3170.0  0.007417  0.000000  0.007417  0.000000
 3175.0  0.007526  0.000000  0.007526  0.000000
 3180.0  0.007620  0.000000  0.007620  0.000000
 3185.0  0.007700  0.000000  0.007700  0.000000
 3190.0  0.007765  0.000000  0.007765  0.000000
 3195.0  0.007813  0.000000  0.007813  0.000000
 3200.0  0.007843  0.000000  0.007843  0.000000
 3205.0  0.007856  0.000000  0.007856  0.000000
 3210.0  0.007855  0.000000  0.007855  0.000000
 3215.0  0.007844  0.000000  0.007844  0.000000
 3220.0  0.007827  0.000000  0.007827  0.000000
 3225.0  0.007808  0.000000  0.007808  0.000000
 3230.0  0.007793  0.000000  0.007793  0.000000
 3235.0  0.007784  0.000000  0.007784  0.000000
 3240.0  0.007787  0.000000  0.007787  0.000000
 3245.0  0.007805  0.000000  0.007805  0.000000
 3250.0  0.007843  0.000000  0.007843  0.000000
 3255.0  0.007905  0.000000  0.007905  0.000000
 3260.0  0.007992  0.000000  0.007992  0.000000
 3265.0  0.008106  0.000000  0.008106  0.000000
 3270.0  0.008249  0.000000  0.008249  0.000000
 3275.0  0.008422  0.000000  0.008422  0.000000
 3280.0  0.008628  0.000000  0.008628  0.000000
 3285.0  0.008867  0.000000  0.008867  0.000000
 3290.0  0.009142  0.000000  0.009142  0.000000
 3295.0  0.009454  0.000000  0.009454  0.000000
 3300.0  0.009804  0.000000  0.009804  0.000000
 3305.0  0.010193  0.000000  0.010193  0.000000
 3310.0  0.010618  0.000000  0.010618  0.000000
 3315.0  0.011074  0.000000  0.011074  0.000000
 3320.0  0.011554  0.000000  0.011554  0.000000
 3325.0  0.012056  0.000000  0.012056  0.000000
 3330.0  0.012574  0.000000  0.012574  0.000000
 3335.0  0.013102  0.000000  0.013102  0.000000
 3340.0  0.013637  0.000000  0.013637  0.000000
 3345.0  0.014173  0.000000  0.014173  0.000000
 3350.0  0.014706  0.000000  0.014706  0.000000
 3355.0  0.015231  0.000000  0.015231  0.000000
 3360.0  0.015747  0.000000  0.015747  0.000000
 3365.0  0.016256  0.000000  0.016256  0.000000
 3370.0  0.016757  0.000000  0.016757  0.000000
 3375.0  0.017250  0.000000  0.017250  0.000000
 3380.0  0.017736  0.000000  0.017736  0.000000
 3385.0  0.018214  0.000000  0.018214  0.000000
 3390.0  0.018685  0.000000  0.018685  0.000000
 3395.0  0.019150  0.000000  0.019150  0.000000
 3400.0  0.019608  0.000000  0.019608  0.000000
 3405.0  0.020059  0.000000  0.020059  0.000000
 3410.0  0.020502  0.000000  0.020502  0.000000
 3415.0  0.020935  0.000000  0.020935  0.000000
 3420.0  0.021356  0.000000  0.021356  0.000000
 3425.0  0.021763  0.000000  0.021763  0.000000
 3430.0  0.022155  0.000000  0.022155  0.000000
 3435.0  0.022529  0.000000  0.022529  0.000000
 3440.0  0.022884  0.000000  0.022884  0.000000
 3445.0  0.023218  0.000000  0.023218  0.000000
 3450.0  0.023529  0.000000  0.023529  0.000000
 3455.0  0.023817  0.000000  0.023817  0.000000
 3460.0  0.024088  0.000000  0.024088  0.000000
 3465.0  0.024348  0.000000  0.024348  0.000000
 3470.0  0.024605  0.000000  0.024605  0.000000
 3475.0  0.024865  0.000000  0.024865  0.000000
 3480.0  0.025136  0.000000  0.025136  0.000000
 3485.0  0.025425  0.000000  0.025425  0.000000
 3490.0  0.025739  0.000000  0.025739  0.000000
 3495.0  0.026085  0.000000  0.026085  0.000000
 3500.0  0.026471  0.000000  0.026471  0.000000
 3505.0  0.026900  0.000000  0.026900  0.000000
 3510.0  0.027374  0.000000  0.027374  0.000000
 3515.0  0.027887  0.000000  0.027887  0.000000
 3520.0  0.028438  0.000000  0.028438  0.000000
 3525.0  0.029022  0.000000  0.029022  0.000000
 3530.0  0.029638  0.000000  0.029638  0.000000
 3535.0  0.030282  0.000000  0.030282  0.000000
 3540.0  0.030951  0.000000  0.030951  0.000000
 3545.0  0.031643  0.000000  0.031643  0.000000
 3550.0  0.032353  0.000000  0.032353  0.000000
 3555.0  0.033079  0.000000  0.033079  0.000000
 3560.0  0.033814  0.000000  0.033814  0.000000
 3565.0  0.034551  0.000000  0.034551  0.000000
 3570.0  0.035284  0.000000  0.035284  0.000000
 3575.0  0.036006  0.000000  0.036006  0.000000
 3580.0  0.036711  0.000000  0.036711  0.000000
 3585.0  0.037391  0.000000  0.037391  0.000000
 3590.0  0.038039  0.000000  0.038039  0.000000
 3595.0  0.038650  0.000000  0.038650  0.000000
 3600.0  0.039216  0.000000  0.039216  0.000000
 3605.0  0.039733  0.000000  0.039733  0.000000
 3610.0  0.040211  0.000000  0.040211  0.000000
 3615.0  0.040663  0.000000  0.040663  0.000000
 3620.0  0.041100  0.000000  0.041100  0.000000
 3625.0  0.041536  0.000000  0.041536  0.000000
 3630.0  0.041982  0.000000  0.041982  0.000000
 3635.0  0.042450  0.000000  0.042450  0.000000
 3640.0  0.042954  0.000000  0.042954  0.000000
 3645.0  0.043506  0.000000  0.043506  0.000000
 3650.0  0.044118  0.000000  0.044118  0.000000
 3655.0  0.044795  0.000000  0.044795  0.000000
 3660.0  0.045513  0.000000  0.045513  0.000000
 3665.0  0.046242  0.000000  0.046242  0.000000
 3670.0  0.046950  0.000000  0.046950  0.000000
 3675.0  0.047606  0.000000  0.047606  0.000000
 3680.0  0.048179  0.000000  0.048179  0.000000
 3685.0  0.048638  0.000000  0.048638  0.000000
 3690.0  0.048952  0.000000  0.048952  0.000000
 3695.0  0.049089  0.000000  0.049089  0.000000
 3700.0  0.049020  0.000000  0.049020  0.000000
 3705.0  0.058783  0.014223  0.048726  0.068840
 3710.0  0.051367  0.004414  0.048246  0.054488
 3715.0  0.048631  0.001409  0.047635  0.049628
 3720.0  0.049852  0.004112  0.046944  0.052760
 3725.0  0.051450  0.007386  0.046228  0.056673
 3730.0  0.051192  0.007996  0.045539  0.056846
 3735.0  0.048106  0.004492  0.044930  0.051283
 3740.0  0.044930  0.000671  0.044455  0.045405
 3745.0  0.044473  0.000433  0.044166  0.044779
 3750.0  0.048146  0.000000  0.000000  0.048146
 3755.0  0.052972  0.000000  0.000000  0.052972
 3760.0  0.058467  0.000000  0.000000  0.058467
 3765.0  0.064297  0.000000  0.000000  0.064297
 3770.0  0.070222  0.000000  0.000000  0.070222
 3775.0  0.075537  0.000000  0.000000  0.075537
 3780.0  0.077570  0.000000  0.000000  0.077570
 3785.0  0.074383  0.000000  0.000000  0.074383
 3790.0  0.068937  0.000000  0.000000  0.068937
 3795.0  0.065174  0.000000  0.000000  0.065174
 3800.0  0.066042  0.000000  0.000000  0.066042
 3805.0  0.071901  0.000000  0.000000  0.071901
 3810.0  0.073732  0.000000  0.000000  0.073732
 3815.0  0.064420  0.000000  0.000000  0.064420
 3820.0  0.053853  0.000000  0.000000  0.053853
 3825.0  0.052323  0.000000  0.000000  0.052323
 3830.0  0.054759  0.000000  0.000000  0.054759
 3835.0  0.054794  0.000000  0.000000  0.054794
 3840.0  0.056262  0.000000  0.000000  0.056262
 3845.0  0.062748  0.000000  0.000000  0.062748
 3850.0  0.066653  0.000000  0.000000  0.066653
 3855.0  0.061373  0.000000  0.000000  0.061373
 3860.0  0.055484  0.000000  0.000000  0.055484
 3865.0  0.057888  0.000000  0.000000  0.057888
 3870.0  0.063602  0.000000  0.000000  0.063602
 3875.0  0.065978  0.000000  0.000000  0.065978
 3880.0  0.065581  0.000000  0.000000  0.065581
 3885.0  0.064620  0.000000  0.000000  0.064620
 3890.0  0.064657  0.000000  0.000000  0.064657
 3895.0  0.066812  0.000000  0.000000  0.066812
 3900.0  0.071089  0.000000  0.000000  0.071089
 3905.0  0.076528  0.000000  0.000000  0.076528
 3910.0  0.079447  0.000000  0.000000  0.079447
 3915.0  0.076522  0.000000  0.000000  0.076522
 3920.0  0.068595  0.000000  0.000000  0.068595
 3925.0  0.057802  0.000000  0.000000  0.057802
 3930.0  0.047295  0.000000  0.000000  0.047295
 3935.0  0.040822  0.000000  0.000000  0.040822
 3940.0  0.043502  0.000000  0.000000  0.043502
 3945.0  0.057705  0.000000  0.000000  0.057705
 3950.0  0.073412  0.000000  0.000000  0.073412
 3955.0  0.079398  0.000000  0.000000  0.079398
 3960.0  0.071989  0.000000  0.000000  0.071989
 3965.0  0.053690  0.000000  0.000000  0.053690
 3970.0  0.044154  0.000000  0.000000  0.044154
 3975.0  0.059468  0.000000  0.000000  0.059468
 3980.0  0.084272  0.000000  0.000000  0.084272
 3985.0  0.100526  0.000000  0.000000  0.100526
 3990.0  0.110904  0.000000  0.000000  0.110904
 3995.0  0.121081  0.000000  0.000000  0.121081
 4000.0  0.128022  0.000000  0.000000  0.128022
 4005.0  0.129223  0.000000  0.000000  0.129223
 4010.0  0.132997  0.000000  0.000000  0.132997
 4015.0  0.145510  0.000000  0.000000  0.145510
 4020.0  0.153504  0.000000  0.000000  0.153504
 4025.0  0.145483  0.000000  0.000000  0.145483
 4030.0  0.136413  0.000000  0.000000  0.136413
 4035.0  0.141420  0.000000  0.000000  0.141420
 4040.0  0.149799  0.000000  0.000000  0.149799
 4045.0  0.148970  0.000000  0.000000  0.148970
 4050.0  0.144670  0.000000  0.000000  0.144670
 4055.0  0.144934  0.000000  0.000000  0.144934
 4060.0  0.148664  0.000000  0.000000  0.148664
 4065.0  0.152166  0.000000  0.000000  0.152166
 4070.0  0.150474  0.000000  0.000000  0.150474
 4075.0  0.143077  0.000000  0.000000  0.143077
 4080.0  0.148546  0.000000  0.000000  0.148546
 4085.0  0.178818  0.000000  0.000000  0.178818
 4090.0  0.200206  0.000000  0.000000  0.200206
 4095.0  0.183193  0.000000  0.000000  0.183193
 4100.0  0.160538  0.000000  0.000000  0.160538
 4105.0  0.166668  0.000000  0.000000  0.166668
 4110.0  0.180378  0.000000  0.000000  0.180378
 4115.0  0.175997  0.000000  0.000000  0.175997
 4120.0  0.165601  0.000000  0.000000  0.165601
 4125.0  0.165399  0.000000  0.000000  0.165399
 4130.0  0.170381  0.000000  0.000000  0.170381
 4135.0  0.172081  0.000000  0.000000  0.172081
 4140.0  0.169428  0.000000  0.000000  0.169428
 4145.0  0.165008  0.000000  0.000000  0.165008
 4150.0  0.168647  0.000000  0.000000  0.168647
 4155.0  0.186263  0.000000  0.000000  0.186263
 4160.0  0.200886  0.000000  0.000000  0.200886
 4165.0  0.196525  0.000000  0.000000  0.196525
 4170.0  0.183986  0.000000  0.000000  0.183986
 4175.0  0.178240  0.000000  0.000000  0.178240
 4180.0  0.184134  0.000000  0.000000  0.184134
 4185.0  0.199676  0.000000  0.000000  0.199676
 4190.0  0.205624  0.000000  0.000000  0.205624
 4195.0  0.188299  0.000000  0.000000  0.188299
 4200.0  0.173507  0.000000  0.000000  0.173507
 4205.0  0.185812  0.000000  0.000000  0.185812
 4210.0  0.205321  0.000000  0.000000  0.205321
 4215.0  0.205876  0.000000  0.000000  0.205876
 4220.0  0.180731  0.000000  0.000000  0.180731
 4225.0  0.136674  0.000000  0.000000  0.136674
 4230.0  0.115209  0.000000  0.000000  0.115209
 4235.0  0.148794  0.000000  0.000000  0.148794
 4240.0  0.198977  0.000000  0.000000  0.198977
 4245.0  0.221361  0.000000  0.000000  0.221361
 4250.0  0.218678  0.000000  0.000000  0.218678
 4255.0  0.205833  0.000000  0.000000  0.205833
 4260.0  0.199271  0.000000  0.000000  0.199271
 4265.0  0.210053  0.000000  0.000000  0.210053
 4270.0  0.226141  0.000000  0.000000  0.226141
 4275.0  0.232352  0.000000  0.000000  0.232352
 4280.0  0.224013  0.000000  0.000000  0.224013
 4285.0  0.203576  0.000000  0.000000  0.203576
 4290.0  0.191495  0.000000  0.000000  0.191495
 4295.0  0.203329  0.000000  0.000000  0.203329
 4300.0  0.217074  0.000000  0.000000  0.217074
 4305.0  0.213457  0.000000  0.000000  0.213457
 4310.0  0.221721  0.000000  0.000000  0.221721
 4315.0  0.267437  0.000000  0.000000  0.267437
 4320.0  0.312994  0.000000  0.000000  0.312994
 4325.0  0.319163  0.000000  0.000000  0.319163
 4330.0  0.303427  0.000000  0.000000  0.303427
 4335.0  0.292547  0.000000  0.000000  0.292547
 4340.0  0.293685  0.000000  0.000000  0.293685
 4345.0  0.307153  0.000000  0.000000  0.307153
 4350.0  0.325476  0.000000  0.000000  0.325476
 4355.0  0.341177  0.000000  0.000000  0.341177
 4360.0  0.354551  0.000000  0.000000  0.354551
 4365.0  0.365490  0.000000  0.000000  0.365490
 4370.0  0.364497  0.000000  0.000000  0.364497
 4375.0  0.343544  0.000000  0.000000  0.343544
 4380.0  0.309871  0.000000  0.000000  0.309871
 4385.0  0.278011  0.000000  0.000000  0.278011
 4390.0  0.276410  0.000000  0.000000  0.276410
 4395.0  0.319579  0.000000  0.000000  0.319579
 4400.0  0.352366  0.000000  0.000000  0.352366
 4405.0  0.326968  0.000000  0.000000  0.326968
 4410.0  0.294623  0.000000  0.000000  0.294623
 4415.0  0.310367  0.000000  0.000000  0.310367
 4420.0  0.345381  0.000000  0.000000  0.345381
 4425.0  0.360608  0.000000  0.000000  0.360608
 4430.0  0.359903  0.000000  0.000000  0.359903
 4435.0  0.357750  0.000000  0.000000  0.357750
 4440.0  0.368257  0.000000  0.000000  0.368257
 4445.0  0.395340  0.000000  0.000000  0.395340
 4450.0  0.402535  0.000000  0.000000  0.402535
 4455.0  0.361948  0.000000  0.000000  0.361948
 4460.0  0.320342  0.000000  0.000000  0.320342
 4465.0  0.326562  0.000000  0.000000  0.326562
 4470.0  0.363114  0.000000  0.000000  0.363114
 4475.0  0.400898  0.000000  0.000000  0.400898
 4480.0  0.430741  0.000000  0.000000  0.430741
 4485.0  0.448531  0.000000  0.000000  0.448531
 4490.0  0.450507  0.000000  0.000000  0.450507
 4495.0  0.438440  0.000000  0.000000  0.438440
 4500.0  0.435911  0.000000  0.000000  0.435911
 4505.0  0.461770  0.000000  0.000000  0.461770
 4510.0  0.494154  0.000000  0.000000  0.494154
 4515.0  0.504693  0.000000  0.000000  0.504693
 4520.0  0.479703  0.000000  0.000000  0.479703
 4525.0  0.421231  0.000000  0.000000  0.421231
 4530.0  0.379555  0.000000  0.000000  0.379555
 4535.0  0.396642  0.000000  0.000000  0.396642
 4540.0  0.432975  0.000000  0.000000  0.432975
 4545.0  0.444152  0.000000  0.000000  0.444152
 4550.0  0.447713  0.000000  0.000000  0.447713
 4555.0  0.468795  0.000000  0.000000  0.468795
 4560.0  0.500989  0.000000  0.000000  0.500989
 4565.0  0.530631  0.000000  0.000000  0.530631
 4570.0  0.546600  0.000000  0.000000  0.546600
 4575.0  0.542606  0.000000  0.000000  0.542606
 4580.0  0.529154  0.000000  0.000000  0.529154
 4585.0  0.517334  0.000000  0.000000  0.517334
 4590.0  0.503789  0.000000  0.000000  0.503789
 4595.0  0.486796  0.000000  0.000000  0.486796
 4600.0  0.485619  0.000000  0.000000  0.485619
 4605.0  0.517536  0.000000  0.000000  0.517536
 4610.0  0.570883  0.000000  0.000000  0.570883
 4615.0  0.624383  0.000000  0.000000  0.624383
 4620.0  0.647236  0.000000  0.000000  0.647236
 4625.0  0.618317  0.000000  0.000000  0.618317
 4630.0  0.564726  0.000000  0.000000  0.564726
 4635.0  0.518559  0.000000  0.000000  0.518559
 4640.0  0.483680  0.000000  0.000000  0.483680
 4645.0  0.462407  0.000000  0.000000  0.462407
 4650.0  0.479107  0.000000  0.000000  0.479107
 4655.0  0.543734  0.000000  0.000000  0.543734
 4660.0  0.586547  0.000000  0.000000  0.586547
 4665.0  0.549225  0.000000  0.000000  0.549225
 4670.0  0.498816  0.000000  0.000000  0.498816
 4675.0  0.506966  0.000000  0.000000  0.506966
 4680.0  0.538341  0.000000  0.000000  0.538341
 4685.0  0.547555  0.000000  0.000000  0.547555
 4690.0  0.555987  0.000000  0.000000  0.555987
 4695.0  0.587857  0.000000  0.000000  0.587857
 4700.0  0.611976  0.000000  0.000000  0.611976
 4705.0  0.599597  0.000000  0.000000  0.599597
 4710.0  0.587131  0.000000  0.000000  0.587131
 4715.0  0.609340  0.000000  0.000000  0.609340
 4720.0  0.629231  0.000000  0.000000  0.629231
 4725.0  0.609926  0.000000  0.000000  0.609926
 4730.0  0.586763  0.000000  0.000000  0.586763
 4735.0  0.599328  0.000000  0.000000  0.599328
 4740.0  0.632000  0.000000  0.000000  0.632000
 4745.0  0.658445  0.000000  0.000000  0.658445
 4750.0  0.664696  0.000000  0.000000  0.664696
 4755.0  0.642301  0.000000  0.000000  0.642301
 4760.0  0.592482  0.000000  0.000000  0.592482
 4765.0  0.527247  0.000000  0.000000  0.527247
 4770.0  0.492045  0.000000  0.000000  0.492045
 4775.0  0.519131  0.000000  0.000000  0.519131
 4780.0  0.554517  0.000000  0.000000  0.554517
 4785.0  0.547122  0.000000  0.000000  0.547122
 4790.0  0.543723  0.000000  0.000000  0.543723
 4795.0  0.589068  0.000000  0.000000  0.589068
 4800.0  0.621938  0.000000  0.000000  0.621938
 4805.0  0.584780  0.000000  0.000000  0.584780
 4810.0  0.540675  0.000000  0.000000  0.540675
 4815.0  0.555882  0.000000  0.000000  0.555882
 4820.0  0.588735  0.000000  0.000000  0.588735
 4825.0  0.588879  0.000000  0.000000  0.588879
 4830.0  0.579119  0.000000  0.000000  0.579119
 4835.0  0.589656  0.000000  0.000000  0.589656
 4840.0  0.607135  0.000000  0.000000  0.607135
 4845.0  0.610639  0.000000  0.000000  0.610639
 4850.0  0.592563  0.000000  0.000000  0.592563
 4855.0  0.555692  0.000000  0.000000  0.555692
 4860.0  0.531067  0.000000  0.000000  0.531067
 4865.0  0.545676  0.000000  0.000000  0.545676
 4870.0  0.582050  0.000000  0.000000  0.582050
 4875.0  0.613545  0.000000  0.000000  0.613545
 4880.0  0.621261  0.000000  0.000000  0.621261
 4885.0  0.601287  0.000000  0.000000  0.601287
 4890.0  0.601919  0.000000  0.000000  0.601919
 4895.0  0.662154  0.000000  0.000000  0.662154
 4900.0  0.731585  0.000000  0.000000  0.731585
 4905.0  0.753389  0.000000  0.000000  0.753389
 4910.0  0.734484  0.000000  0.000000  0.734484
 4915.0  0.702547  0.000000  0.000000  0.702547
 4920.0  0.704579  0.000000  0.000000  0.704579
 4925.0  0.766343  0.000000  0.000000  0.766343
 4930.0  0.809340  0.000000  0.000000  0.809340
 4935.0  0.770443  0.000000  0.000000  0.770443
 4940.0  0.752274  0.000000  0.000000  0.752274
 4945.0  0.839236  0.000000  0.000000  0.839236
 4950.0  0.877109  0.000000  0.000000  0.877109
 4955.0  0.727752  0.000000  0.000000  0.727752
 4960.0  0.555966  0.000000  0.000000  0.555966
 4965.0  0.537965  0.000000  0.000000  0.537965
 4970.0  0.592683  0.000000  0.000000  0.592683
 4975.0  0.608323  0.000000  0.000000  0.608323
 4980.0  0.607450  0.000000  0.000000  0.607450
 4985.0  0.629951  0.000000  0.000000  0.629951
 4990.0  0.650616  0.000000  0.000000  0.650616
 4995.0  0.639181  0.000000  0.000000  0.639181
 5000.0  0.610254  0.000000  0.000000  0.610254
 5005.0  0.584964  0.000000  0.000000  0.584964
 5010.0  0.565642  0.000000  0.000000  0.565642
 5015.0  0.555639  0.000000  0.000000  0.555639
 5020.0  0.581177  0.000000  0.000000  0.581177
 5025.0  0.653169  0.000000  0.000000  0.653169
 5030.0  0.698408  0.000000  0.000000  0.698408
 5035.0  0.658094  0.000000  0.000000  0.658094
 5040.0  0.615160  0.000000  0.000000  0.615160
 5045.0  0.655478  0.000000  0.000000  0.655478
 5050.0  0.734934  0.000000  0.000000  0.734934
 5055.0  0.789270  0.000000  0.000000  0.789270
 5060.0  0.803616  0.000000  0.000000  0.803616
 5065.0  0.779347  0.000000  0.000000  0.779347
 5070.0  0.733414  0.000000  0.000000  0.733414
 5075.0  0.689497  0.000000  0.000000  0.689497
 5080.0  0.682608  0.000000  0.000000  0.682608
 5085.0  0.732445  0.000000  0.000000  0.732445
 5090.0  0.786115  0.000000  0.000000  0.786115
 5095.0  0.789582  0.000000  0.000000  0.789582
 5100.0  0.756818  0.000000  0.000000  0.756818
 5105.0  0.719981  0.000000  0.000000  0.719981
 5110.0  0.715950  0.000000  0.000000  0.715950
 5115.0  0.762304  0.000000  0.000000  0.762304
 5120.0  0.794692  0.000000  0.000000  0.794692
 5125.0  0.759420  0.000000  0.000000  0.759420
 5130.0  0.727358  0.000000  0.000000  0.727358
 5135.0  0.763686  0.000000  0.000000  0.763686
 5140.0  0.786260  0.000000  0.000000  0.786260
 5145.0  0.724642  0.000000  0.000000  0.724642
 5150.0  0.702544  0.000000  0.000000  0.702544
 5155.0  0.817196  0.000000  0.000000  0.817196
 5160.0  0.865735  0.000000  0.000000  0.865735
 5165.0  0.669234  0.000000  0.000000  0.669234
 5170.0  0.444618  0.000000  0.000000  0.444618
 5175.0  0.424897  0.000000  0.000000  0.424897
 5180.0  0.511575  0.000000  0.000000  0.511575
 5185.0  0.563547  0.000000  0.000000  0.563547
 5190.0  0.600779  0.000000  0.000000  0.600779
 5195.0  0.658277  0.000000  0.000000  0.658277
 5200.0  0.670159  0.000000  0.000000  0.670159
 5205.0  0.589258  0.000000  0.000000  0.589258
 5210.0  0.544173  0.000000  0.000000  0.544173
 5215.0  0.646834  0.000000  0.000000  0.646834
 5220.0  0.766739  0.000000  0.000000  0.766739
 5225.0  0.770136  0.000000  0.000000  0.770136
 5230.0  0.752719  0.000000  0.000000  0.752719
 5235.0  0.816124  0.000000  0.000000  0.816124
 5240.0  0.856323  0.000000  0.000000  0.856323
 5245.0  0.775455  0.000000  0.000000  0.775455
 5250.0  0.706009  0.000000  0.000000  0.706009
 5255.0  0.772027  0.000000  0.000000  0.772027
 5260.0  0.833437  0.000000  0.000000  0.833437
 5265.0  0.753707  0.000000  0.000000  0.753707
 5270.0  0.674579  0.000000  0.000000  0.674579
 5275.0  0.748636  0.000000  0.000000  0.748636
 5280.0  0.893542  0.000000  0.000000  0.893542
 5285.0  0.988609  0.000000  0.000000  0.988609
 5290.0  0.994656  0.000000  0.000000  0.994656
 5295.0  0.918233  0.000000  0.000000  0.918233
 5300.0  0.867303  0.000000  0.000000  0.867303
 5305.0  0.930737  0.000000  0.000000  0.930737
 5310.0  1.019626  0.000000  0.000000  1.019626
 5315.0  1.029186  0.000000  0.000000  1.029186
 5320.0  0.968905  0.000000  0.000000  0.968905
 5325.0  0.883016  0.000000  0.000000  0.883016
 5330.0  0.840473  0.000000  0.000000  0.840473
 5335.0  0.887061  0.000000  0.000000  0.887061
 5340.0  0.951184  0.000000  0.000000  0.951184
 5345.0  0.963749  0.000000  0.000000  0.963749
 5350.0  0.983046  0.000000  0.000000  0.983046
 5355.0  1.061910  0.000000  0.000000  1.061910
 5360.0  1.103943  0.000000  0.000000  1.103943
 5365.0  1.026976  0.000000  0.000000  1.026976
 5370.0  0.954951  0.000000  0.000000  0.954951
 5375.0  1.006976  0.000000  0.000000  1.006976
 5380.0  1.076687  0.000000  0.000000  1.076687
 5385.0  1.046751  0.000000  0.000000  1.046751
 5390.0  0.981420  0.000000  0.000000  0.981420
 5395.0  0.961302  0.000000  0.000000  0.961302
 5400.0  0.950838  0.000000  0.000000  0.950838
 5405.0  0.912942  0.000000  0.000000  0.912942
 5410.0  0.920570  0.000000  0.000000  0.920570
 5415.0  1.029688  0.000000  0.000000  1.029688
 5420.0  1.118256  0.000000  0.000000  1.118256
 5425.0  1.076232  0.000000  0.000000  1.076232
 5430.0  1.019554  0.000000  0.000000  1.019554
 5435.0  1.063725  0.000000  0.000000  1.063725
 5440.0  1.096504  0.000000  0.000000  1.096504
 5445.0  1.000516  0.000000  0.000000  1.000516
 5450.0  0.865597  0.000000  0.000000  0.865597
 5455.0  0.804547  0.000000  0.000000  0.804547
 5460.0  0.814825  0.000000  0.000000  0.814825
 5465.0  0.861782  0.000000  0.000000  0.861782
 5470.0  0.897682  0.000000  0.000000  0.897682
 5475.0  0.890904  0.000000  0.000000  0.890904
 5480.0  0.887376  0.000000  0.000000  0.887376
 5485.0  0.929962  0.000000  0.000000  0.929962
 5490.0  0.971715  0.000000  0.000000  0.971715
 5495.0  0.961336  0.000000  0.000000  0.961336
 5500.0  0.919901  0.000000  0.000000  0.919901
 5505.0  0.885451  0.000000  0.000000  0.885451
 5510.0  0.891475  0.000000  0.000000  0.891475
 5515.0  0.952804  0.000000  0.000000  0.952804
 5520.0  1.014169  0.000000  0.000000  1.014169
 5525.0  1.024170  0.000000  0.000000  1.024170
 5530.0  1.016988  0.000000  0.000000  1.016988
 5535.0  1.034761  0.000000  0.000000  1.034761
 5540.0  1.065904  0.000000  0.000000  1.065904
 5545.0  1.087272  0.000000  0.000000  1.087272
 5550.0  1.083210  0.000000  0.000000  1.083210
 5555.0  1.048283  0.000000  0.000000  1.048283
 5560.0  1.010436  0.000000  0.000000  1.010436
 5565.0  0.998606  0.000000  0.000000  0.998606
 5570.0  1.012299  0.000000  0.000000  1.012299
 5575.0  1.038026  0.000000  0.000000  1.038026
 5580.0  1.039724  0.000000  0.000000  1.039724
 5585.0  0.992012  0.000000  0.000000  0.992012
 5590.0  0.934802  0.000000  0.000000  0.934802
 5595.0  0.913602  0.000000  0.000000  0.913602
 5600.0  0.930993  0.000000  0.000000  0.930993
 5605.0  0.971802  0.000000  0.000000  0.971802
 5610.0  0.992751  0.000000  0.000000  0.992751
 5615.0  0.962399  0.000000  0.000000  0.962399
 5620.0  0.924747  0.000000  0.000000  0.924747
 5625.0  0.924048  0.000000  0.000000  0.924048
 5630.0  0.930136  0.000000  0.000000  0.930136
 5635.0  0.911225  0.000000  0.000000  0.911225
 5640.0  0.903497  0.000000  0.000000  0.903497
 5645.0  0.941409  0.000000  0.000000  0.941409
 5650.0  0.984560  0.000000  0.000000  0.984560
 5655.0  0.988581  0.000000  0.000000  0.988581
 5660.0  0.968099  0.000000  0.000000  0.968099
 5665.0  0.950930  0.000000  0.000000  0.950930
 5670.0  0.958679  0.000000  0.000000  0.958679
 5675.0  1.001623  0.000000  0.000000  1.001623
 5680.0  1.050948  0.000000  0.000000  1.050948
 5685.0  1.075690  0.000000  0.000000  1.075690
 5690.0  1.075362  0.000000  0.000000  1.075362
 5695.0  1.057546  0.000000  0.000000  1.057546
 5700.0  1.031596  0.000000  0.000000  1.031596
 5705.0  1.010551  0.000000  0.000000  1.010551
 5710.0  1.020409  0.000000  0.000000  1.020409
 5715.0  1.073325  0.000000  0.000000  1.073325
 5720.0  1.113132  0.000000  0.000000  1.113132
 5725.0  1.091418  0.000000  0.000000  1.091418
 5730.0  1.059123  0.000000  0.000000  1.059123
 5735.0  1.073366  0.000000  0.000000  1.073366
 5740.0  1.116626  0.000000  0.000000  1.116626
 5745.0  1.155513  0.000000  0.000000  1.155513
 5750.0  1.167789  0.000000  0.000000  1.167789
 5755.0  1.145471  0.000000  0.000000  1.145471
 5760.0  1.126449  0.000000  0.000000  1.126449
 5765.0  1.143012  0.000000  0.000000  1.143012
 5770.0  1.159183  0.000000  0.000000  1.159183
 5775.0  1.137443  0.000000  0.000000  1.137443
 5780.0  1.102377  0.000000  0.000000  1.102377
 5785.0  1.090495  0.000000  0.000000  1.090495
 5790.0  1.123907  0.000000  0.000000  1.123907
 5795.0  1.206104  0.000000  0.000000  1.206104
 5800.0  1.280495  0.000000  0.000000  1.280495
 5805.0  1.292810  0.000000  0.000000  1.292810
 5810.0  1.258138  0.000000  0.000000  1.258138
 5815.0  1.209676  0.000000  0.000000  1.209676
 5820.0  1.183674  0.000000  0.000000  1.183674
 5825.0  1.204090  0.000000  0.000000  1.204090
 5830.0  1.242651  0.000000  0.000000  1.242651
 5835.0  1.262312  0.000000  0.000000  1.262312
 5840.0  1.243163  0.000000  0.000000  1.243163
 5845.0  1.179703  0.000000  0.000000  1.179703
 5850.0  1.106931  0.000000  0.000000  1.106931
 5855.0  1.060799  0.000000  0.000000  1.060799
 5860.0  1.040572  0.000000  0.000000  1.040572
 5865.0  1.036484  0.000000  0.000000  1.036484
 5870.0  1.039344  0.000000  0.000000  1.039344
 5875.0  1.033630  0.000000  0.000000  1.033630
 5880.0  0.977934  0.000000  0.000000  0.977934
 5885.0  0.852501  0.000000  0.000000  0.852501
 5890.0  0.750088  0.000000  0.000000  0.750088
 5895.0  0.757997  0.000000  0.000000  0.757997
 5900.0  0.829204  0.000000  0.000000  0.829204
 5905.0  0.894597  0.000000  0.000000  0.894597
 5910.0  0.931032  0.000000  0.000000  0.931032
 5915.0  0.934715  0.000000  0.000000  0.934715
 5920.0  0.933282  0.000000  0.000000  0.933282
 5925.0  0.952374  0.000000  0.000000  0.952374
 5930.0  0.978231  0.000000  0.000000  0.978231
 5935.0  0.993032  0.000000  0.000000  0.993032
 5940.0  1.002124  0.000000  0.000000  1.002124
 5945.0  1.012426  0.000000  0.000000  1.012426
 5950.0  1.013973  0.000000  0.000000  1.013973
 5955.0  1.001235  0.000000  0.000000  1.001235
 5960.0  1.003291  0.000000  0.000000  1.003291
 5965.0  1.041249  0.000000  0.000000  1.041249
 5970.0  1.069699  0.000000  0.000000  1.069699
 5975.0  1.049495  0.000000  0.000000  1.049495
 5980.0  1.033063  0.000000  0.000000  1.033063
 5985.0  1.072204  0.000000  0.000000  1.072204
 5990.0  1.124649  0.000000  0.000000  1.124649
 5995.0  1.140039  0.000000  0.000000  1.140039
 6000.0  1.129727  0.000000  0.000000  1.129727
 6005.0  1.116991  0.000000  0.000000  1.116991
 6010.0  1.111083  0.000000  0.000000  1.111083
 6015.0  1.118221  0.000000  0.000000  1.118221
 6020.0  1.146510  0.000000  0.000000  1.146510
 6025.0  1.196985  0.000000  0.000000  1.196985
 6030.0  1.240524  0.000000  0.000000  1.240524
 6035.0  1.254289  0.000000  0.000000  1.254289
 6040.0  1.270726  0.000000  0.000000  1.270726
 6045.0  1.317230  0.000000  0.000000  1.317230
 6050.0  1.345695  0.000000  0.000000  1.345695
 6055.0  1.315075  0.000000  0.000000  1.315075
 6060.0  1.288055  0.000000  0.000000  1.288055
 6065.0  1.325064  0.000000  0.000000  1.325064
 6070.0  1.373779  0.000000  0.000000  1.373779
 6075.0  1.374084  0.000000  0.000000  1.374084
 6080.0  1.347449  0.000000  0.000000  1.347449
 6085.0  1.329794  0.000000  0.000000  1.329794
 6090.0  1.333263  0.000000  0.000000  1.333263
 6095.0  1.358826  0.000000  0.000000  1.358826
 6100.0  1.386547  0.000000  0.000000  1.386547
 6105.0  1.395938  0.000000  0.000000  1.395938
 6110.0  1.385233  0.000000  0.000000  1.385233
 6115.0  1.362871  0.000000  0.000000  1.362871
 6120.0  1.359398  0.000000  0.000000  1.359398
 6125.0  1.391562  0.000000  0.000000  1.391562
 6130.0  1.398808  0.000000  0.000000  1.398808
 6135.0  1.335199  0.000000  0.000000  1.335199
 6140.0  1.290569  0.000000  0.000000  1.290569
 6145.0  1.338500  0.000000  0.000000  1.338500
 6150.0  1.351803  0.000000  0.000000  1.351803
 6155.0  1.212215  0.000000  0.000000  1.212215
 6160.0  1.037952  0.000000  0.000000  1.037952
 6165.0  0.967833  0.000000  0.000000  0.967833
 6170.0  0.986616  0.000000  0.000000  0.986616
 6175.0  1.036321  0.000000  0.000000  1.036321
 6180.0  1.042082  0.000000  0.000000  1.042082
 6185.0  0.959125  0.000000  0.000000  0.959125
 6190.0  0.879917  0.000000  0.000000  0.879917
 6195.0  0.896120  0.000000  0.000000  0.896120
 6200.0  0.958938  0.000000  0.000000  0.958938
 6205.0  0.995821  0.000000  0.000000  0.995821
 6210.0  0.979682  0.000000  0.000000  0.979682
 6215.0  0.908728  0.000000  0.000000  0.908728
 6220.0  0.836903  0.000000  0.000000  0.836903
 6225.0  0.814368  0.000000  0.000000  0.814368
 6230.0  0.820430  0.000000  0.000000  0.820430
 6235.0  0.826790  0.000000  0.000000  0.826790
 6240.0  0.845584  0.000000  0.000000  0.845584
 6245.0  0.887515  0.000000  0.000000  0.887515
 6250.0  0.917121  0.000000  0.000000  0.917121
 6255.0  0.906377  0.000000  0.000000  0.906377
 6260.0  0.903178  0.000000  0.000000  0.903178
 6265.0  0.950181  0.000000  0.000000  0.950181
 6270.0  0.993150  0.000000  0.000000  0.993150
 6275.0  0.982354  0.000000  0.000000  0.982354
 6280.0  0.982940  0.000000  0.000000  0.982940
 6285.0  1.054517  0.000000  0.000000  1.054517
 6290.0  1.119645  0.000000  0.000000  1.119645
 6295.0  1.104117  0.000000  0.000000  1.104117
 6300.0  1.083698  0.000000  0.000000  1.083698
 6305.0  1.137071  0.000000  0.000000  1.137071
 6310.0  1.204626  0.000000  0.000000  1.204626
 6315.0  1.219746  0.000000  0.000000  1.219746
 6320.0  1.226096  0.000000  0.000000  1.226096
 6325.0  1.272952  0.000000  0.000000  1.272952
 6330.0  1.321767  0.000000  0.000000  1.321767
 6335.0  1.330020  0.000000  0.000000  1.330020
 6340.0  1.327120  0.000000  0.000000  1.327120
 6345.0  1.340078  0.000000  0.000000  1.340078
 6350.0  1.314376  0.000000  0.000000  1.314376
 6355.0  1.214473  0.000000  0.000000  1.214473
 6360.0  1.162272  0.000000  0.000000  1.162272
 6365.0  1.263033  0.000000  0.000000  1.263033
 6370.0  1.398008  0.000000  0.000000  1.398008
 6375.0  1.434214  0.000000  0.000000  1.434214
 6380.0  1.405759  0.000000  0.000000  1.405759
 6385.0  1.378257  0.000000  0.000000  1.378257
 6390.0  1.376284  0.000000  0.000000  1.376284
 6395.0  1.407201  0.000000  0.000000  1.407201
 6400.0  1.450542  0.000000  0.000000  1.450542
 6405.0  1.481517  0.000000  0.000000  1.481517
 6410.0  1.485873  0.000000  0.000000  1.485873
 6415.0  1.459372  0.000000  0.000000  1.459372
 6420.0  1.427301  0.000000  0.000000  1.427301
 6425.0  1.419082  0.000000  0.000000  1.419082
 6430.0  1.451154  0.000000  0.000000  1.451154
 6435.0  1.520431  0.000000  0.000000  1.520431
 6440.0  1.558718  0.000000  0.000000  1.558718
 6445.0  1.515182  0.000000  0.000000  1.515182
 6450.0  1.473559  0.000000  0.000000  1.473559
 6455.0  1.517904  0.000000  0.000000  1.517904
 6460.0  1.598959  0.000000  0.000000  1.598959
 6465.0  1.644229  0.000000  0.000000  1.644229
 6470.0  1.621587  0.000000  0.000000  1.621587
 6475.0  1.529338  0.000000  0.000000  1.529338
 6480.0  1.447157  0.000000  0.000000  1.447157
 6485.0  1.437865  0.000000  0.000000  1.437865
 6490.0  1.415506  0.000000  0.000000  1.415506
 6495.0  1.306410  0.000000  0.000000  1.306410
 6500.0  1.234825  0.000000  0.000000  1.234825
 6505.0  1.316552  0.000000  0.000000  1.316552
 6510.0  1.435691  0.000000  0.000000  1.435691
 6515.0  1.463407  0.000000  0.000000  1.463407
 6520.0  1.450839  0.000000  0.000000  1.450839
 6525.0  1.474625  0.000000  0.000000  1.474625
 6530.0  1.533450  0.000000  0.000000  1.533450
 6535.0  1.600257  0.000000  0.000000  1.600257
 6540.0  1.622984  0.000000  0.000000  1.622984
 6545.0  1.563088  0.000000  0.000000  1.563088
 6550.0  1.461119  0.000000  0.000000  1.461119
 6555.0  1.374802  0.000000  0.000000  1.374802
 6560.0  1.351465  0.000000  0.000000  1.351465
 6565.0  1.412446  0.000000  0.000000  1.412446
 6570.0  1.485492  0.000000  0.000000  1.485492
 6575.0  1.501806  0.000000  0.000000  1.501806
 6580.0  1.499979  0.000000  0.000000  1.499979
 6585.0  1.527561  0.000000  0.000000  1.527561
 6590.0  1.560536  0.000000  0.000000  1.560536
 6595.0  1.565545  0.000000  0.000000  1.565545
 6600.0  1.543414  0.000000  0.000000  1.543414
 6605.0  1.508913  0.000000  0.000000  1.508913
 6610.0  1.498417  0.000000  0.000000  1.498417
 6615.0  1.533665  0.000000  0.000000  1.533665
 6620.0  1.556247  0.000000  0.000000  1.556247
 6625.0  1.515129  0.000000  0.000000  1.515129
 6630.0  1.468927  0.000000  0.000000  1.468927
 6635.0  1.477515  0.000000  0.000000  1.477515
 6640.0  1.496150  0.000000  0.000000  1.496150
 6645.0  1.471058  0.000000  0.000000  1.471058
 6650.0  1.416946  0.000000  0.000000  1.416946
 6655.0  1.366555  0.000000  0.000000  1.366555
 6660.0  1.356272  0.000000  0.000000  1.356272
 6665.0  1.401729  0.000000  0.000000  1.401729
 6670.0  1.431906  0.000000  0.000000  1.431906
 6675.0  1.384800  0.000000  0.000000  1.384800
 6680.0  1.321142  0.000000  0.000000  1.321142
 6685.0  1.309985  0.000000  0.000000  1.309985
 6690.0  1.330938  0.000000  0.000000  1.330938
 6695.0  1.350717  0.000000  0.000000  1.350717
 6700.0  1.373901  0.000000  0.000000  1.373901
 6705.0  1.401854  0.000000  0.000000  1.401854
 6710.0  1.385193  0.000000  0.000000  1.385193
 6715.0  1.292065  0.000000  0.000000  1.292065
 6720.0  1.211479  0.000000  0.000000  1.211479
 6725.0  1.227885  0.000000  0.000000  1.227885
 6730.0  1.286638  0.000000  0.000000  1.286638
 6735.0  1.314134  0.000000  0.000000  1.314134
 6740.0  1.300010  0.000000  0.000000  1.300010
 6745.0  1.259124  0.000000  0.000000  1.259124
 6750.0  1.243954  0.000000  0.000000  1.243954
 6755.0  1.293348  0.000000  0.000000  1.293348
 6760.0  1.354018  0.000000  0.000000  1.354018
 6765.0  1.371788  0.000000  0.000000  1.371788
 6770.0  1.381089  0.000000  0.000000  1.381089
 6775.0  1.416464  0.000000  0.000000  1.416464
 6780.0  1.424311  0.000000  0.000000  1.424311
 6785.0  1.360335  0.000000  0.000000  1.360335
 6790.0  1.305622  0.000000  0.000000  1.305622
 6795.0  1.339588  0.000000  0.000000  1.339588
 6800.0  1.409605  0.000000  0.000000  1.409605
 6805.0  1.447219  0.000000  0.000000  1.447219
 6810.0  1.452710  0.000000  0.000000  1.452710
 6815.0  1.444421  0.000000  0.000000  1.444421
 6820.0  1.444188  0.000000  0.000000  1.444188
 6825.0  1.467077  0.000000  0.000000  1.467077
 6830.0  1.497564  0.000000  0.000000  1.497564
 6835.0  1.518035  0.000000  0.000000  1.518035
 6840.0  1.533110  0.000000  0.000000  1.533110
 6845.0  1.550786  0.000000  0.000000  1.550786
 6850.0  1.570323  0.000000  0.000000  1.570323
 6855.0  1.589539  0.000000  0.000000  1.589539
 6860.0  1.609216  0.000000  0.000000  1.609216
 6865.0  1.630130  0.000000  0.000000  1.630130
 6870.0  1.650088  0.000000  0.000000  1.650088
 6875.0  1.667133  0.000000  0.000000  1.667133
 6880.0  1.683243  0.000000  0.000000  1.683243
 6885.0  1.700527  0.000000  0.000000  1.700527
 6890.0  1.717693  0.000000  0.000000  1.717693
 6895.0  1.733522  0.000000  0.000000  1.733522
 6900.0  1.750495  0.000000  0.000000  1.750495
 6905.0  1.771120  0.000000  0.000000  1.771120
 6910.0  1.794321  0.000000  0.000000  1.794321
 6915.0  1.817936  0.000000  0.000000  1.817936
 6920.0  1.839040  0.000000  0.000000  1.839040
 6925.0  1.856085  0.000000  0.000000  1.856085
 6930.0  1.873795  0.000000  0.000000  1.873795
 6935.0  1.896407  0.000000  0.000000  1.896407
 6940.0  1.919938  0.000000  0.000000  1.919938
 6945.0  1.939473  0.000000  0.000000  1.939473
 6950.0  1.954572  0.000000  0.000000  1.954572
 6955.0  1.967296  0.000000  0.000000  1.967296
 6960.0  1.985211  0.000000  0.000000  1.985211
 6965.0  2.009372  0.000000  0.000000  2.009372
 6970.0  2.009266  0.000000  0.000000  2.009266
 6975.0  1.965104  0.000000  0.000000  1.965104
 6980.0  1.931564  0.000000  0.000000  1.931564
 6985.0  1.958046  0.000000  0.000000  1.958046
 6990.0  1.998360  0.000000  0.000000  1.998360
 6995.0  2.002645  0.000000  0.000000  2.002645
 7000.0  2.001930  0.000000  0.000000  2.001930
 7005.0  2.031213  0.000000  0.000000  2.031213
 7010.0  2.060476  0.000000  0.000000  2.060476
 7015.0  2.058023  0.000000  0.000000  2.058023
 7020.0  2.050470  0.000000  0.000000  2.050470
 7025.0  2.067817  0.000000  0.000000  2.067817
 7030.0  2.095292  0.000000  0.000000  2.095292
 7035.0  2.118484  0.000000  0.000000  2.118484
 7040.0  2.169220  0.000000  0.000000  2.169220
 7045.0  2.250360  0.000000  0.000000  2.250360
 7050.0  2.202672  0.000000  0.000000  2.202672
 7055.0  1.912368  0.000000  0.000000  1.912368
 7060.0  1.609523  0.000000  0.000000  1.609523
 7065.0  1.536543  0.000000  0.000000  1.536543
 7070.0  1.641291  0.000000  0.000000  1.641291
 7075.0  1.790142  0.000000  0.000000  1.790142
 7080.0  1.818067  0.000000  0.000000  1.818067
 7085.0  1.625760  0.000000  0.000000  1.625760
 7090.0  1.408217  0.000000  0.000000  1.408217
 7095.0  1.364835  0.000000  0.000000  1.364835
 7100.0  1.418306  0.000000  0.000000  1.418306
 7105.0  1.458077  0.000000  0.000000  1.458077
 7110.0  1.517330  0.000000  0.000000  1.517330
 7115.0  1.622351  0.000000  0.000000  1.622351
 7120.0  1.628106  0.000000  0.000000  1.628106
 7125.0  1.425155  0.000000  0.000000  1.425155
 7130.0  1.217751  0.000000  0.000000  1.217751
 7135.0  1.212047  0.000000  0.000000  1.212047
 7140.0  1.308100  0.000000  0.000000  1.308100
 7145.0  1.366589  0.000000  0.000000  1.366589
 7150.0  1.396761  0.000000  0.000000  1.396761
 7155.0  1.431698  0.000000  0.000000  1.431698
 7160.0  1.451252  0.000000  0.000000  1.451252
 7165.0  1.435886  0.000000  0.000000  1.435886
 7170.0  1.421730  0.000000  0.000000  1.421730
 7175.0  1.441816  0.000000  0.000000  1.441816
 7180.0  1.461121  0.000000  0.000000  1.461121
 7185.0  1.444044  0.000000  0.000000  1.444044
 7190.0  1.420742  0.000000  0.000000  1.420742
 7195.0  1.426775  0.000000  0.000000  1.426775
 7200.0  1.453554  0.000000  0.000000  1.453554
 7205.0  1.487155  0.000000  0.000000  1.487155
 7210.0  1.536452  0.000000  0.000000  1.536452
 7215.0  1.609060  0.000000  0.000000  1.609060
 7220.0  1.684737  0.000000  0.000000  1.684737
 7225.0  1.738992  0.000000  0.000000  1.738992
 7230.0  1.758172  0.000000  0.000000  1.758172
 7235.0  1.742189  0.000000  0.000000  1.742189
 7240.0  1.734369  0.000000  0.000000  1.734369
 7245.0  1.773121  0.000000  0.000000  1.773121
 7250.0  1.833766  0.000000  0.000000  1.833766
 7255.0  1.883439  0.000000  0.000000  1.883439
 7260.0  1.919635  0.000000  0.000000  1.919635
 7265.0  1.946659  0.000000  0.000000  1.946659
 7270.0  1.965728  0.000000  0.000000  1.965728
 7275.0  1.975020  0.000000  0.000000  1.975020
 7280.0  1.963661  0.000000  0.000000  1.963661
 7285.0  1.933477  0.000000  0.000000  1.933477
 7290.0  1.946164  0.000000  0.000000  1.946164
 7295.0  2.046623  0.000000  0.000000  2.046623
 7300.0  2.152731  0.000000  0.000000  2.152731
 7305.0  2.181453  0.000000  0.000000  2.181453
 7310.0  2.173151  0.000000  0.000000  2.173151
 7315.0  2.183405  0.000000  0.000000  2.183405
 7320.0  2.205261  0.000000  0.000000  2.205261
 7325.0  2.226962  0.000000  0.000000  2.226962
 7330.0  2.280065  0.000000  0.000000  2.280065
 7335.0  2.384698  0.000000  0.000000  2.384698
 7340.0  2.471979  0.000000  0.000000  2.471979
 7345.0  2.473396  0.000000  0.000000  2.473396
 7350.0  2.410937  0.000000  0.000000  2.410937
 7355.0  2.333940  0.000000  0.000000  2.333940
 7360.0  2.310654  0.000000  0.000000  2.310654
 7365.0  2.389380  0.000000  0.000000  2.389380
 7370.0  2.519717  0.000000  0.000000  2.519717
 7375.0  2.629238  0.000000  0.000000  2.629238
 7380.0  2.656136  0.000000  0.000000  2.656136
 7385.0  2.575233  0.000000  0.000000  2.575233
 7390.0  2.497276  0.000000  0.000000  2.497276
 7395.0  2.527681  0.000000  0.000000  2.527681
 7400.0  2.614633  0.000000  0.000000  2.614633
 7405.0  2.676492  0.000000  0.000000  2.676492
 7410.0  2.669541  0.000000  0.000000  2.669541
 7415.0  2.587329  0.000000  0.000000  2.587329
 7420.0  2.534537  0.000000  0.000000  2.534537
 7425.0  2.598094  0.000000  0.000000  2.598094
 7430.0  2.682798  0.000000  0.000000  2.682798
 7435.0  2.686917  0.000000  0.000000  2.686917
 7440.0  2.664749  0.000000  0.000000  2.664749
 7445.0  2.683265  0.000000  0.000000  2.683265
 7450.0  2.704117  0.000000  0.000000  2.704117
 7455.0  2.683998  0.000000  0.000000  2.683998
 7460.0  2.665084  0.000000  0.000000  2.665084
 7465.0  2.690267  0.000000  0.000000  2.690267
 7470.0  2.719831  0.000000  0.000000  2.719831
 7475.0  2.710003  0.000000  0.000000  2.710003
 7480.0  2.683393  0.000000  0.000000  2.683393
 7485.0  2.671735  0.000000  0.000000  2.671735
 7490.0  2.676878  0.000000  0.000000  2.676878
 7495.0  2.690762  0.000000  0.000000  2.690762
 7500.0  2.695570  0.000000  0.000000  2.695570
 7505.0  2.682031  0.000000  0.000000  2.682031
 7510.0  2.684819  0.000000  0.000000  2.684819
 7515.0  2.730265  0.000000  0.000000  2.730265
 7520.0  2.767379  0.000000  0.000000  2.767379
 7525.0  2.749821  0.000000  0.000000  2.749821
 7530.0  2.727164  0.000000  0.000000  2.727164
 7535.0  2.750204  0.000000  0.000000  2.750204
 7540.0  2.778716  0.000000  0.000000  2.778716
 7545.0  2.766791  0.000000  0.000000  2.766791
 7550.0  2.736812  0.000000  0.000000  2.736812
 7555.0  2.719500  0.000000  0.000000  2.719500
 7560.0  2.710632  0.000000  0.000000  2.710632
 7565.0  2.699778  0.000000  0.000000  2.699778
 7570.0  2.686612  0.000000  0.000000  2.686612
 7575.0  2.672909  0.000000  0.000000  2.672909
 7580.0  2.658749  0.000000  0.000000  2.658749
 7585.0  2.644228  0.000000  0.000000  2.644228
 7590.0  2.631207  0.000000  0.000000  2.631207
 7595.0  2.621080  0.000000  0.000000  2.621080
 7600.0  2.611620  0.000000  0.000000  2.611620
 7605.0  2.600450  0.000000  0.000000  2.600450
 7610.0  2.588216  0.000000  0.000000  2.588216
 7615.0  2.576041  0.000000  0.000000  2.576041
 7620.0  2.563921  0.000000  0.000000  2.563921
 7625.0  2.551708  0.000000  0.000000  2.551708
 7630.0  2.539792  0.000000  0.000000  2.539792
 7635.0  2.528461  0.000000  0.000000  2.528461
 7640.0  2.517050  0.000000  0.000000  2.517050
 7645.0  2.504903  0.000000  0.000000  2.504903
 7650.0  2.492369  0.000000  0.000000  2.492369
 7655.0  2.479855  0.000000  0.000000  2.479855
 7660.0  2.466990  0.000000  0.000000  2.466990
 7665.0  2.453560  0.000000  0.000000  2.453560
 7670.0  2.440760  0.000000  0.000000  2.440760
 7675.0  2.429777  0.000000  0.000000  2.429777
 7680.0  2.420365  0.000000  0.000000  2.420365
 7685.0  2.411956  0.000000  0.000000  2.411956
 7690.0  2.404127  0.000000  0.000000  2.404127
 7695.0  2.396377  0.000000  0.000000  2.396377
 7700.0  2.387726  0.000000  0.000000  2.387726
 7705.0  2.378054  0.000000  0.000000  2.378054
 7710.0  2.371146  0.000000  0.000000  2.371146
 7715.0  2.367955  0.000000  0.000000  2.367955
 7720.0  2.354191  0.000000  0.000000  2.354191
 7725.0  2.326223  0.000000  0.000000  2.326223
 7730.0  2.338285  0.000000  0.000000  2.338285
 7735.0  2.420720  0.000000  0.000000  2.420720
 7740.0  2.450446  0.000000  0.000000  2.450446
 7745.0  2.329786  0.000000  0.000000  2.329786
 7750.0  2.216111  0.000000  0.000000  2.216111
 7755.0  2.263925  0.000000  0.000000  2.263925
 7760.0  2.361225  0.000000  0.000000  2.361225
 7765.0  2.375812  0.000000  0.000000  2.375812
 7770.0  2.361208  0.000000  0.000000  2.361208
 7775.0  2.388497  0.000000  0.000000  2.388497
 7780.0  2.413285  0.000000  0.000000  2.413285
 7785.0  2.387362  0.000000  0.000000  2.387362
 7790.0  2.362726  0.000000  0.000000  2.362726
 7795.0  2.394737  0.000000  0.000000  2.394737
 7800.0  2.452003  0.000000  0.000000  2.452003
 7805.0  2.493930  0.000000  0.000000  2.493930
 7810.0  2.529877  0.000000  0.000000  2.529877
 7815.0  2.573232  0.000000  0.000000  2.573232
 7820.0  2.603546  0.000000  0.000000  2.603546
 7825.0  2.596880  0.000000  0.000000  2.596880
 7830.0  2.549181  0.000000  0.000000  2.549181
 7835.0  2.474070  0.000000  0.000000  2.474070
 7840.0  2.435994  0.000000  0.000000  2.435994
 7845.0  2.484024  0.000000  0.000000  2.484024
 7850.0  2.554892  0.000000  0.000000  2.554892
 7855.0  2.580547  0.000000  0.000000  2.580547
 7860.0  2.586146  0.000000  0.000000  2.586146
 7865.0  2.606929  0.000000  0.000000  2.606929
 7870.0  2.625275  0.000000  0.000000  2.625275
 7875.0  2.621072  0.000000  0.000000  2.621072
 7880.0  2.617106  0.000000  0.000000  2.617106
 7885.0  2.632847  0.000000  0.000000  2.632847
 7890.0  2.631595  0.000000  0.000000  2.631595
 7895.0  2.582450  0.000000  0.000000  2.582450
 7900.0  2.533876  0.000000  0.000000  2.533876
 7905.0  2.532299  0.000000  0.000000  2.532299
 7910.0  2.536623  0.000000  0.000000  2.536623
 7915.0  2.506761  0.000000  0.000000  2.506761
 7920.0  2.494160  0.000000  0.000000  2.494160
 7925.0  2.546289  0.000000  0.000000  2.546289
 7930.0  2.603154  0.000000  0.000000  2.603154
 7935.0  2.598424  0.000000  0.000000  2.598424
 7940.0  2.547886  0.000000  0.000000  2.547886
 7945.0  2.490613  0.000000  0.000000  2.490613
 7950.0  2.476717  0.000000  0.000000  2.476717
 7955.0  2.538464  0.000000  0.000000  2.538464
 7960.0  2.625710  0.000000  0.000000  2.625710
 7965.0  2.682211  0.000000  0.000000  2.682211
 7970.0  2.709741  0.000000  0.000000  2.709741
 7975.0  2.723320  0.000000  0.000000  2.723320
 7980.0  2.732948  0.000000  0.000000  2.732948
 7985.0  2.741837  0.000000  0.000000  2.741837
 7990.0  2.731061  0.000000  0.000000  2.731061
 7995.0  2.689783  0.000000  0.000000  2.689783
 8000.0  2.661644  0.000000  0.000000  2.661644
 8005.0  2.692705  0.000000  0.000000  2.692705
 8010.0  2.784212  0.000000  0.000000  2.784212
 8015.0  2.901136  0.000000  0.000000  2.901136
 8020.0  2.908148  0.000000  0.000000  2.908148
 8025.0  2.728354  0.000000  0.000000  2.728354
 8030.0  2.618893  0.000000  0.000000  2.618893
 8035.0  2.797283  0.000000  0.000000  2.797283
 8040.0  2.988543  0.000000  0.000000  2.988543
 8045.0  2.915162  0.000000  0.000000  2.915162
 8050.0  2.782040  0.000000  0.000000  2.782040
 8055.0  2.824723  0.000000  0.000000  2.824723
 8060.0  2.918959  0.000000  0.000000  2.918959
 8065.0  2.905200  0.000000  0.000000  2.905200
 8070.0  2.842530  0.000000  0.000000  2.842530
 8075.0  2.824398  0.000000  0.000000  2.824398
 8080.0  2.863096  0.000000  0.000000  2.863096
 8085.0  2.933926  0.000000  0.000000  2.933926
 8090.0  2.945403  0.000000  0.000000  2.945403
 8095.0  2.839418  0.000000  0.000000  2.839418
 8100.0  2.758161  0.000000  0.000000  2.758161
 8105.0  2.825751  0.000000  0.000000  2.825751
 8110.0  2.893723  0.000000  0.000000  2.893723
 8115.0  2.818313  0.000000  0.000000  2.818313
 8120.0  2.747145  0.000000  0.000000  2.747145
 8125.0  2.830332  0.000000  0.000000  2.830332
 8130.0  2.936565  0.000000  0.000000  2.936565
 8135.0  2.915497  0.000000  0.000000  2.915497
 8140.0  2.822055  0.000000  0.000000  2.822055
 8145.0  2.749990  0.000000  0.000000  2.749990
 8150.0  2.743062  0.000000  0.000000  2.743062
 8155.0  2.805718  0.000000  0.000000  2.805718
 8160.0  2.835129  0.000000  0.000000  2.835129
 8165.0  2.751873  0.000000  0.000000  2.751873
 8170.0  2.677421  0.000000  0.000000  2.677421
 8175.0  2.727039  0.000000  0.000000  2.727039
 8180.0  2.790285  0.000000  0.000000  2.790285
 8185.0  2.747823  0.000000  0.000000  2.747823
 8190.0  2.670459  0.000000  0.000000  2.670459
 8195.0  2.650783  0.000000  0.000000  2.650783
 8200.0  2.678398  0.000000  0.000000  2.678398
 8205.0  2.726917  0.000000  0.000000  2.726917
 8210.0  2.808988  0.000000  0.000000  2.808988
 8215.0  2.917504  0.000000  0.000000  2.917504
 8220.0  2.927320  0.000000  0.000000  2.927320
 8225.0  2.756849  0.000000  0.000000  2.756849
 8230.0  2.616805  0.000000  0.000000  2.616805
 8235.0  2.708875  0.000000  0.000000  2.708875
 8240.0  2.906344  0.000000  0.000000  2.906344
 8245.0  3.029449  0.000000  0.000000  3.029449
 8250.0  3.014647  0.000000  0.000000  3.014647
 8255.0  2.872732  0.000000  0.000000  2.872732
 8260.0  2.795650  0.000000  0.000000  2.795650
 8265.0  2.930412  0.000000  0.000000  2.930412
 8270.0  3.063152  0.000000  0.000000  3.063152
 8275.0  2.980664  0.000000  0.000000  2.980664
 8280.0  2.833272  0.000000  0.000000  2.833272
 8285.0  2.804859  0.000000  0.000000  2.804859
 8290.0  2.850032  0.000000  0.000000  2.850032
 8295.0  2.877247  0.000000  0.000000  2.877247
 8300.0  2.839660  0.000000  0.000000  2.839660
 8305.0  2.732630  0.000000  0.000000  2.732630
 8310.0  2.675643  0.000000  0.000000  2.675643
 8315.0  2.762336  0.000000  0.000000  2.762336
 8320.0  2.858839  0.000000  0.000000  2.858839
 8325.0  2.827888  0.000000  0.000000  2.827888
 8330.0  2.746162  0.000000  0.000000  2.746162
 8335.0  2.715451  0.000000  0.000000  2.715451
 8340.0  2.724061  0.000000  0.000000  2.724061
 8345.0  2.740252  0.000000  0.000000  2.740252
 8350.0  2.765595  0.000000  0.000000  2.765595
 8355.0  2.799576  0.000000  0.000000  2.799576
 8360.0  2.800031  0.000000  0.000000  2.800031
 8365.0  2.742625  0.000000  0.000000  2.742625
 8370.0  2.715974  0.000000  0.000000  2.715974
 8375.0  2.785084  0.000000  0.000000  2.785084
 8380.0  2.807563  0.000000  0.000000  2.807563
 8385.0  2.668372  0.000000  0.000000  2.668372
 8390.0  2.569290  0.000000  0.000000  2.569290
 8395.0  2.702446  0.000000  0.000000  2.702446
 8400.0  2.904559  0.000000  0.000000  2.904559
 8405.0  2.978215  0.000000  0.000000  2.978215
 8410.0  2.944869  0.000000  0.000000  2.944869
 8415.0  2.874116  0.000000  0.000000  2.874116
 8420.0  2.809206  0.000000  0.000000  2.809206
 8425.0  2.774186  0.000000  0.000000  2.774186
 8430.0  2.742614  0.000000  0.000000  2.742614
 8435.0  2.693669  0.000000  0.000000  2.693669
 8440.0  2.679495  0.000000  0.000000  2.679495
 8445.0  2.741404  0.000000  0.000000  2.741404
 8450.0  2.804424  0.000000  0.000000  2.804424
 8455.0  2.793821  0.000000  0.000000  2.793821
 8460.0  2.752110  0.000000  0.000000  2.752110
 8465.0  2.737775  0.000000  0.000000  2.737775
 8470.0  2.755918  0.000000  0.000000  2.755918
 8475.0  2.795752  0.000000  0.000000  2.795752
 8480.0  2.836303  0.000000  0.000000  2.836303
 8485.0  2.849417  0.000000  0.000000  2.849417
 8490.0  2.788414  0.000000  0.000000  2.788414
 8495.0  2.637562  0.000000  0.000000  2.637562
 8500.0  2.523450  0.000000  0.000000  2.523450
 8505.0  2.554141  0.000000  0.000000  2.554141
 8510.0  2.621258  0.000000  0.000000  2.621258
 8515.0  2.607236  0.000000  0.000000  2.607236
 8520.0  2.574188  0.000000  0.000000  2.574188
 8525.0  2.606663  0.000000  0.000000  2.606663
 8530.0  2.699268  0.000000  0.000000  2.699268
 8535.0  2.776264  0.000000  0.000000  2.776264
 8540.0  2.570462  0.000000  0.000000  2.570462
 8545.0  1.959418  0.000000  0.000000  1.959418
 8550.0  1.591097  0.000000  0.000000  1.591097
 8555.0  2.020053  0.000000  0.000000  2.020053
 8560.0  2.656772  0.000000  0.000000  2.656772
 8565.0  2.838640  0.000000  0.000000  2.838640
 8570.0  2.754702  0.000000  0.000000  2.754702
 8575.0  2.726495  0.000000  0.000000  2.726495
 8580.0  2.753869  0.000000  0.000000  2.753869
 8585.0  2.772689  0.000000  0.000000  2.772689
 8590.0  2.784563  0.000000  0.000000  2.784563
 8595.0  2.805907  0.000000  0.000000  2.805907
 8600.0  2.846631  0.000000  0.000000  2.846631
 8605.0  2.904268  0.000000  0.000000  2.904268
 8610.0  2.933331  0.000000  0.000000  2.933331
 8615.0  2.902183  0.000000  0.000000  2.902183
 8620.0  2.877583  0.000000  0.000000  2.877583
 8625.0  2.925353  0.000000  0.000000  2.925353
 8630.0  3.009175  0.000000  0.000000  3.009175
 8635.0  3.076788  0.000000  0.000000  3.076788
 8640.0  3.114301  0.000000  0.000000  3.114301
 8645.0  3.129133  0.000000  0.000000  3.129133
 8650.0  3.175573  0.000000  0.000000  3.175573
 8655.0  3.245757  0.000000  0.000000  3.245757
 8660.0  3.036351  0.000000  0.000000  3.036351
 8665.0  2.380104  0.000000  0.000000  2.380104
 8670.0  1.949564  0.000000  0.000000  1.949564
 8675.0  2.324730  0.000000  0.000000  2.324730
 8680.0  2.875593  0.000000  0.000000  2.875593
 8685.0  2.933019  0.000000  0.000000  2.933019
 8690.0  2.881368  0.000000  0.000000  2.881368
 8695.0  3.087632  0.000000  0.000000  3.087632
 8700.0  2.795840  0.000000  0.000000  2.795840
 8705.0  2.950428  0.000000  2.950428  0.000000
 8710.0  2.958312  0.000000  2.958312  0.000000
 8715.0  2.964978  0.000000  2.964978  0.000000
 8720.0  2.970579  0.000000  2.970579  0.000000
 8725.0  2.975263  0.000000  2.975263  0.000000
 8730.0  2.979181  0.000000  2.979181  0.000000
 8735.0  2.982483  0.000000  2.982483  0.000000
 8740.0  2.985319  0.000000  2.985319  0.000000
 8745.0  2.987840  0.000000  2.987840  0.000000
 8750.0  2.990196  0.000000  2.990196  0.000000
 8755.0  2.992509  0.000000  2.992509  0.000000
 8760.0  2.994790  0.000000  2.994790  0.000000
 8765.0  2.997021  0.000000  2.997021  0.000000
 8770.0  2.999185  0.000000  2.999185  0.000000
 8775.0  3.001266  0.000000  3.001266  0.000000
 8780.0  3.003245  0.000000  3.003245  0.000000
 8785.0  3.005105  0.000000  3.005105  0.000000
 8790.0  3.006830  0.000000  3.006830  0.000000
 8795.0  3.008402  0.000000  3.008402  0.000000
 8800.0  3.009804  0.000000  3.009804  0.000000
 8805.0  3.010998  0.000000  3.010998  0.000000
 8810.0  3.011864  0.000000  3.011864  0.000000
 8815.0  3.012262  0.000000  3.012262  0.000000
 8820.0  3.012053  0.000000  3.012053  0.000000
 8825.0  3.011096  0.000000  3.011096  0.000000
 8830.0  3.009252  0.000000  3.009252  0.000000
 8835.0  3.006380  0.000000  3.006380  0.000000
 8840.0  3.002340  0.000000  3.002340  0.000000
 8845.0  2.996992  0.000000  2.996992  0.000000
 8850.0  2.990196  0.000000  2.990196  0.000000
 8855.0  2.981893  0.000000  2.981893  0.000000
 8860.0  2.972344  0.000000  2.972344  0.000000
 8865.0  2.961892  0.000000  2.961892  0.000000
 8870.0  2.950877  0.000000  2.950877  0.000000
 8875.0  2.939644  0.000000  2.939644  0.000000
 8880.0  2.928533  0.000000  2.928533  0.000000
 8885.0  2.917886  0.000000  2.917886  0.000000
 8890.0  2.908047  0.000000  2.908047  0.000000
 8895.0  2.899356  0.000000  2.899356  0.000000
 8900.0  2.892157  0.000000  2.892157  0.000000
 8905.0  2.886705  0.000000  2.886705  0.000000
 8910.0  2.882917  0.000000  2.882917  0.000000
 8915.0  2.880622  0.000000  2.880622  0.000000
 8920.0  2.879653  0.000000  2.879653  0.000000
 8925.0  2.879838  0.000000  2.879838  0.000000
 8930.0  2.881009  0.000000  2.881009  0.000000
 8935.0  2.882995  0.000000  2.882995  0.000000
 8940.0  2.885629  0.000000  2.885629  0.000000
 8945.0  2.888739  0.000000  2.888739  0.000000
 8950.0  2.892157  0.000000  2.892157  0.000000
 8955.0  2.895748  0.000000  2.895748  0.000000
 8960.0  2.899519  0.000000  2.899519  0.000000
 8965.0  2.903511  0.000000  2.903511  0.000000
 8970.0  2.907767  0.000000  2.907767  0.000000
 8975.0  2.912328  0.000000  2.912328  0.000000
 8980.0  2.917236  0.000000  2.917236  0.000000
 8985.0  2.922533  0.000000  2.922533  0.000000
 8990.0  2.928261  0.000000  2.928261  0.000000
 8995.0  2.934462  0.000000  2.934462  0.000000
 9000.0  2.941176  0.000000  2.941176  0.000000
 9005.0  2.948382  0.000000  2.948382  0.000000
 9010.0  2.955793  0.000000  2.955793  0.000000
 9015.0  2.963059  0.000000  2.963059  0.000000
 9020.0  2.969829  0.000000  2.969829  0.000000
 9025.0  2.975752  0.000000  2.975752  0.000000
 9030.0  2.980478  0.000000  2.980478  0.000000
 9035.0  2.983655  0.000000  2.983655  0.000000
 9040.0  2.984934  0.000000  2.984934  0.000000
 9045.0  2.983963  0.000000  2.983963  0.000000
 9050.0  2.980392  0.000000  2.980392  0.000000
 9055.0  2.973989  0.000000  2.973989  0.000000
 9060.0  2.964996  0.000000  2.964996  0.000000
 9065.0  2.953773  0.000000  2.953773  0.000000
 9070.0  2.940683  0.000000  2.940683  0.000000
 9075.0  2.926086  0.000000  2.926086  0.000000
 9080.0  2.910344  0.000000  2.910344  0.000000
 9085.0  2.893816  0.000000  2.893816  0.000000
 9090.0  2.876865  0.000000  2.876865  0.000000
 9095.0  2.859852  0.000000  2.859852  0.000000
 9100.0  2.843137  0.000000  2.843137  0.000000
 9105.0  2.827055  0.000000  2.827055  0.000000
 9110.0  2.811834  0.000000  2.811834  0.000000
 9115.0  2.797673  0.000000  2.797673  0.000000
 9120.0  2.784773  0.000000  2.784773  0.000000
 9125.0  2.773335  0.000000  2.773335  0.000000
 9130.0  2.763560  0.000000  2.763560  0.000000
 9135.0  2.755649  0.000000  2.755649  0.000000
 9140.0  2.749800  0.000000  2.749800  0.000000
 9145.0  2.746217  0.000000  2.746217  0.000000
 9150.0  2.745098  0.000000  2.745098  0.000000
 9155.0  2.746526  0.000000  2.746526  0.000000
 9160.0  2.750102  0.000000  2.750102  0.000000
 9165.0  2.755311  0.000000  2.755311  0.000000
 9170.0  2.761637  0.000000  2.761637  0.000000
 9175.0  2.768563  0.000000  2.768563  0.000000
 9180.0  2.775572  0.000000  2.775572  0.000000
 9185.0  2.782149  0.000000  2.782149  0.000000
 9190.0  2.787776  0.000000  2.787776  0.000000
 9195.0  2.791938  0.000000  2.791938  0.000000
 9200.0  2.794118  0.000000  2.794118  0.000000
 9205.0  2.793951  0.000000  2.793951  0.000000
 9210.0  2.791680  0.000000  2.791680  0.000000
 9215.0  2.787700  0.000000  2.787700  0.000000
 9220.0  2.782404  0.000000  2.782404  0.000000
 9225.0  2.776188  0.000000  2.776188  0.000000
 9230.0  2.769445  0.000000  2.769445  0.000000
 9235.0  2.762570  0.000000  2.762570  0.000000
 9240.0  2.755958  0.000000  2.755958  0.000000
 9245.0  2.750002  0.000000  2.750002  0.000000
 9250.0  2.745098  0.000000  2.745098  0.000000
 9255.0  2.741544  0.000000  2.741544  0.000000
 9260.0  2.739256  0.000000  2.739256  0.000000
 9265.0  2.738056  0.000000  2.738056  0.000000
 9270.0  2.737766  0.000000  2.737766  0.000000
 9275.0  2.738205  0.000000  2.738205  0.000000
 9280.0  2.739197  0.000000  2.739197  0.000000
 9285.0  2.740560  0.000000  2.740560  0.000000
 9290.0  2.742117  0.000000  2.742117  0.000000
 9295.0  2.743690  0.000000  2.743690  0.000000
 9300.0  2.745098  0.000000  2.745098  0.000000
 9305.0  2.746178  0.000000  2.746178  0.000000
 9310.0  2.746825  0.000000  2.746825  0.000000
 9315.0  2.746947  0.000000  2.746947  0.000000
 9320.0  2.746454  0.000000  2.746454  0.000000
 9325.0  2.745255  0.000000  2.745255  0.000000
 9330.0  2.743259  0.000000  2.743259  0.000000
 9335.0  2.740376  0.000000  2.740376  0.000000
 9340.0  2.736513  0.000000  2.736513  0.000000
 9345.0  2.731582  0.000000  2.731582  0.000000
 9350.0  2.725490  0.000000  2.725490  0.000000
 9355.0  2.718213  0.000000  2.718213  0.000000
 9360.0  2.709993  0.000000  2.709993  0.000000
 9365.0  2.701135  0.000000  2.701135  0.000000
 9370.0  2.691946  0.000000  2.691946  0.000000
 9375.0  2.682734  0.000000  2.682734  0.000000
 9380.0  2.673805  0.000000  2.673805  0.000000
 9385.0  2.665466  0.000000  2.665466  0.000000
 9390.0  2.658024  0.000000  2.658024  0.000000
 9395.0  2.651786  0.000000  2.651786  0.000000
 9400.0  2.647059  0.000000  2.647059  0.000000
 9405.0  2.644075  0.000000  2.644075  0.000000
 9410.0  2.642772  0.000000  2.642772  0.000000
 9415.0  2.643013  0.000000  2.643013  0.000000
 9420.0  2.644663  0.000000  2.644663  0.000000
 9425.0  2.647583  0.000000  2.647583  0.000000
 9430.0  2.651638  0.000000  2.651638  0.000000
 9435.0  2.656690  0.000000  2.656690  0.000000
 9440.0  2.662605  0.000000  2.662605  0.000000
 9445.0  2.669244  0.000000  2.669244  0.000000
 9450.0  2.676471  0.000000  2.676471  0.000000
 9455.0  2.684163  0.000000  2.684163  0.000000
 9460.0  2.692252  0.000000  2.692252  0.000000
 9465.0  2.700684  0.000000  2.700684  0.000000
 9470.0  2.709404  0.000000  2.709404  0.000000
 9475.0  2.718356  0.000000  2.718356  0.000000
 9480.0  2.727487  0.000000  2.727487  0.000000
 9485.0  2.736743  0.000000  2.736743  0.000000
 9490.0  2.746067  0.000000  2.746067  0.000000
 9495.0  2.755406  0.000000  2.755406  0.000000
 9500.0  2.764706  0.000000  2.764706  0.000000
 9505.0  2.773901  0.000000  2.773901  0.000000
 9510.0  2.782886  0.000000  2.782886  0.000000
 9515.0  2.791545  0.000000  2.791545  0.000000
 9520.0  2.799763  0.000000  2.799763  0.000000
 9525.0  2.807424  0.000000  2.807424  0.000000
 9530.0  2.814413  0.000000  2.814413  0.000000
 9535.0  2.820614  0.000000  2.820614  0.000000
 9540.0  2.825911  0.000000  2.825911  0.000000
 9545.0  2.830190  0.000000  2.830190  0.000000
 9550.0  2.833333  0.000000  2.833333  0.000000
 9555.0  2.835263  0.000000  2.835263  0.000000
 9560.0  2.836048  0.000000  2.836048  0.000000
 9565.0  2.835793  0.000000  2.835793  0.000000
 9570.0  2.834604  0.000000  2.834604  0.000000
 9575.0  2.832584  0.000000  2.832584  0.000000
 9580.0  2.829840  0.000000  2.829840  0.000000
 9585.0  2.826478  0.000000  2.826478  0.000000
 9590.0  2.822601  0.000000  2.822601  0.000000
 9595.0  2.818315  0.000000  2.818315  0.000000
 9600.0  2.813725  0.000000  2.813725  0.000000
 9605.0  2.808938  0.000000  2.808938  0.000000
 9610.0  2.804058  0.000000  2.804058  0.000000
 9615.0  2.799193  0.000000  2.799193  0.000000
 9620.0  2.794450  0.000000  2.794450  0.000000
 9625.0  2.789934  0.000000  2.789934  0.000000
 9630.0  2.785753  0.000000  2.785753  0.000000
 9635.0  2.782014  0.000000  2.782014  0.000000
 9640.0  2.778823  0.000000  2.778823  0.000000
 9645.0  2.776286  0.000000  2.776286  0.000000
 9650.0  2.774510  0.000000  2.774510  0.000000
 9655.0  2.773574  0.000000  2.773574  0.000000
 9660.0  2.773445  0.000000  2.773445  0.000000
 9665.0  2.774061  0.000000  2.774061  0.000000
 9670.0  2.775362  0.000000  2.775362  0.000000
 9675.0  2.777286  0.000000  2.777286  0.000000
 9680.0  2.779773  0.000000  2.779773  0.000000
 9685.0  2.782760  0.000000  2.782760  0.000000
 9690.0  2.786187  0.000000  2.786187  0.000000
 9695.0  2.789994  0.000000  2.789994  0.000000
 9700.0  2.794118  0.000000  2.794118  0.000000
 9705.0  2.798502  0.000000  2.798502  0.000000
 9710.0  2.803104  0.000000  2.803104  0.000000
 9715.0  2.807886  0.000000  2.807886  0.000000
 9720.0  2.812808  0.000000  2.812808  0.000000
 9725.0  2.817833  0.000000  2.817833  0.000000
 9730.0  2.822921  0.000000  2.822921  0.000000
 9735.0  2.828034  0.000000  2.828034  0.000000
 9740.0  2.833134  0.000000  2.833134  0.000000
 9745.0  2.838181  0.000000  2.838181  0.000000
 9750.0  2.843137  0.000000  2.843137  0.000000
 9755.0  2.847967  0.000000  2.847967  0.000000
 9760.0  2.852648  0.000000  2.852648  0.000000
 9765.0  2.857160  0.000000  2.857160  0.000000
 9770.0  2.861483  0.000000  2.861483  0.000000
 9775.0  2.865598  0.000000  2.865598  0.000000
 9780.0  2.869484  0.000000  2.869484  0.000000
 9785.0  2.873123  0.000000  2.873123  0.000000
 9790.0  2.876494  0.000000  2.876494  0.000000
 9795.0  2.879577  0.000000  2.879577  0.000000
 9800.0  2.882353  0.000000  2.882353  0.000000
 9805.0  2.884805  0.000000  2.884805  0.000000
 9810.0  2.886930  0.000000  2.886930  0.000000
 9815.0  2.888728  0.000000  2.888728  0.000000
 9820.0  2.890199  0.000000  2.890199  0.000000
 9825.0  2.891343  0.000000  2.891343  0.000000
 9830.0  2.892160  0.000000  2.892160  0.000000
 9835.0  2.892650  0.000000  2.892650  0.000000
 9840.0  2.892812  0.000000  2.892812  0.000000
 9845.0  2.892648  0.000000  2.892648  0.000000
 9850.0  2.892157  0.000000  2.892157  0.000000
 9855.0  2.891351  0.000000  2.891351  0.000000
 9860.0  2.890298  0.000000  2.890298  0.000000
 9865.0  2.889074  0.000000  2.889074  0.000000
 9870.0  2.887759  0.000000  2.887759  0.000000
 9875.0  2.886431  0.000000  2.886431  0.000000
 9880.0  2.885169  0.000000  2.885169  0.000000
 9885.0  2.884052  0.000000  2.884052  0.000000
 9890.0  2.883158  0.000000  2.883158  0.000000
 9895.0  2.882565  0.000000  2.882565  0.000000
 9900.0  2.882353  0.000000  2.882353  0.000000
 9905.0  2.882573  0.000000  2.882573  0.000000
 9910.0  2.883173  0.000000  2.883173  0.000000
 9915.0  2.884074  0.000000  2.884074  0.000000
 9920.0  2.885196  0.000000  2.885196  0.000000
 9925.0  2.886461  0.000000  2.886461  0.000000
 9930.0  2.887789  0.000000  2.887789  0.000000
 9935.0  2.889102  0.000000  2.889102  0.000000
 9940.0  2.890321  0.000000  2.890321  0.000000
 9945.0  2.891365  0.000000  2.891365  0.000000
 9950.0  2.892157  0.000000  2.892157  0.000000
 9955.0  2.892630  0.000000  2.892630  0.000000
 9960.0  2.892775  0.000000  2.892775  0.000000
 9965.0  2.892592  0.000000  2.892592  0.000000
 9970.0  2.892084  0.000000  2.892084  0.000000
 9975.0  2.891254  0.000000  2.891254  0.000000
 9980.0  2.890104  0.000000  2.890104  0.000000
 9985.0  2.888637  0.000000  2.888637  0.000000
 9990.0  2.886854  0.000000  2.886854  0.000000
 9995.0  2.884759  0.000000  2.884759  0.000000
10000.0  2.882353  0.000000  2.882353  0.000000
10005.0  2.879659  0.000000  2.879659  0.000000
10010.0  2.876787  0.000000  2.876787  0.000000
10015.0  2.873863  0.000000  2.873863  0.000000
10020.0  2.871016  0.000000  2.871016  0.000000
10025.0  2.868375  0.000000  2.868375  0.000000
10030.0  2.866067  0.000000  2.866067  0.000000
10035.0  2.864222  0.000000  2.864222  0.000000
10040.0  2.862968  0.000000  2.862968  0.000000
10045.0  2.862432  0.000000  2.862432  0.000000
10050.0  2.862745  0.000000  2.862745  0.000000
10055.0  2.863985  0.000000  2.863985  0.000000
10060.0  2.866038  0.000000  2.866038  0.000000
10065.0  2.868741  0.000000  2.868741  0.000000
10070.0  2.871930  0.000000  2.871930  0.000000
10075.0  2.875443  0.000000  2.875443  0.000000
10080.0  2.879117  0.000000  2.879117  0.000000
10085.0  2.882788  0.000000  2.882788  0.000000
10090.0  2.886294  0.000000  2.886294  0.000000
10095.0  2.889472  0.000000  2.889472  0.000000
10100.0  2.892157  0.000000  2.892157  0.000000
10105.0  2.894204  0.000000  2.894204  0.000000
10110.0  2.895532  0.000000  2.895532  0.000000
10115.0  2.896076  0.000000  2.896076  0.000000
10120.0  2.895773  0.000000  2.895773  0.000000
10125.0  2.894558  0.000000  2.894558  0.000000
10130.0  2.892366  0.000000  2.892366  0.000000
10135.0  2.889134  0.000000  2.889134  0.000000
10140.0  2.884796  0.000000  2.884796  0.000000
10145.0  2.879290  0.000000  2.879290  0.000000
10150.0  2.872549  0.000000  2.872549  0.000000
10155.0  2.864581  0.000000  2.864581  0.000000
10160.0  2.855678  0.000000  2.855678  0.000000
10165.0  2.846199  0.000000  2.846199  0.000000
10170.0  2.836506  0.000000  2.836506  0.000000
10175.0  2.826962  0.000000  2.826962  0.000000
10180.0  2.817928  0.000000  2.817928  0.000000
10185.0  2.809764  0.000000  2.809764  0.000000
10190.0  2.802834  0.000000  2.802834  0.000000
10195.0  2.797498  0.000000  2.797498  0.000000
10200.0  2.794118  0.000000  2.794118  0.000000
10205.0  2.792950  0.000000  2.792950  0.000000
10210.0  2.793837  0.000000  2.793837  0.000000
10215.0  2.796512  0.000000  2.796512  0.000000
10220.0  2.800712  0.000000  2.800712  0.000000
10225.0  2.806172  0.000000  2.806172  0.000000
10230.0  2.812629  0.000000  2.812629  0.000000
10235.0  2.819818  0.000000  2.819818  0.000000
10240.0  2.827476  0.000000  2.827476  0.000000
10245.0  2.835337  0.000000  2.835337  0.000000
10250.0  2.843137  0.000000  2.843137  0.000000
10255.0  2.850626  0.000000  2.850626  0.000000
10260.0  2.857604  0.000000  2.857604  0.000000
10265.0  2.863882  0.000000  2.863882  0.000000
10270.0  2.869275  0.000000  2.869275  0.000000
10275.0  2.873594  0.000000  2.873594  0.000000
10280.0  2.876654  0.000000  2.876654  0.000000
10285.0  2.878266  0.000000  2.878266  0.000000
10290.0  2.878244  0.000000  2.878244  0.000000
10295.0  2.876401  0.000000  2.876401  0.000000
10300.0  2.872549  0.000000  2.872549  0.000000
10305.0  2.866613  0.000000  2.866613  0.000000
10310.0  2.858965  0.000000  2.858965  0.000000
10315.0  2.850088  0.000000  2.850088  0.000000
10320.0  2.840464  0.000000  2.840464  0.000000
10325.0  2.830578  0.000000  2.830578  0.000000
10330.0  2.820912  0.000000  2.820912  0.000000
10335.0  2.811950  0.000000  2.811950  0.000000
10340.0  2.804175  0.000000  2.804175  0.000000
10345.0  2.798070  0.000000  2.798070  0.000000
10350.0  2.794118  0.000000  2.794118  0.000000
10355.0  2.792656  0.000000  2.792656  0.000000
10360.0  2.793438  0.000000  2.793438  0.000000
10365.0  2.796072  0.000000  2.796072  0.000000
10370.0  2.800163  0.000000  2.800163  0.000000
10375.0  2.805320  0.000000  2.805320  0.000000
10380.0  2.811149  0.000000  2.811149  0.000000
10385.0  2.817257  0.000000  2.817257  0.000000
10390.0  2.823253  0.000000  2.823253  0.000000
10395.0  2.828743  0.000000  2.828743  0.000000
10400.0  2.833333  0.000000  2.833333  0.000000
10405.0  2.836722  0.000000  2.836722  0.000000
10410.0  2.838967  0.000000  2.838967  0.000000
10415.0  2.840213  0.000000  2.840213  0.000000
10420.0  2.840609  0.000000  2.840609  0.000000
10425.0  2.840300  0.000000  2.840300  0.000000
10430.0  2.839434  0.000000  2.839434  0.000000
10435.0  2.838158  0.000000  2.838158  0.000000
10440.0  2.836617  0.000000  2.836617  0.000000
10445.0  2.834960  0.000000  2.834960  0.000000
10450.0  2.833333  0.000000  2.833333  0.000000
10455.0  2.831856  0.000000  2.831856  0.000000
10460.0  2.830537  0.000000  2.830537  0.000000
10465.0  2.829359  0.000000  2.829359  0.000000
10470.0  2.828303  0.000000  2.828303  0.000000
10475.0  2.827352  0.000000  2.827352  0.000000
10480.0  2.826487  0.000000  2.826487  0.000000
10485.0  2.825691  0.000000  2.825691  0.000000
10490.0  2.824944  0.000000  2.824944  0.000000
10495.0  2.824230  0.000000  2.824230  0.000000
10500.0  2.823529  0.000000  2.823529  0.000000
10505.0  2.822828  0.000000  2.822828  0.000000
10510.0  2.822123  0.000000  2.822123  0.000000
10515.0  2.821413  0.000000  2.821413  0.000000
10520.0  2.820699  0.000000  2.820699  0.000000
10525.0  2.819981  0.000000  2.819981  0.000000
10530.0  2.819259  0.000000  2.819259  0.000000
10535.0  2.818533  0.000000  2.818533  0.000000
10540.0  2.817803  0.000000  2.817803  0.000000
10545.0  2.817070  0.000000  2.817070  0.000000
10550.0  2.816331  0.000000  2.816331  0.000000
10555.0  2.815589  0.000000  2.815589  0.000000
10560.0  2.814843  0.000000  2.814843  0.000000
10565.0  2.814093  0.000000  2.814093  0.000000
10570.0  2.813339  0.000000  2.813339  0.000000
10575.0  2.812580  0.000000  2.812580  0.000000
10580.0  2.811818  0.000000  2.811818  0.000000
10585.0  2.811052  0.000000  2.811052  0.000000
10590.0  2.810282  0.000000  2.810282  0.000000
10595.0  2.809508  0.000000  2.809508  0.000000
10600.0  2.808730  0.000000  2.808730  0.000000
10605.0  2.807948  0.000000  2.807948  0.000000
10610.0  2.807162  0.000000  2.807162  0.000000
10615.0  2.806373  0.000000  2.806373  0.000000
10620.0  2.805579  0.000000  2.805579  0.000000
