 1150.0  0.000000  0.000000  0.000000  0.000000
 1155.0  0.000000  0.000000  0.000000  0.000000
 1160.0  0.000000  0.000000  0.000000  0.000000
 1165.0  0.000000  0.000000  0.000000  0.000000
 1170.0  0.000000  0.000000  0.000000  0.000000
 1175.0  0.000000  0.000000  0.000000  0.000000
 1180.0  0.000000  0.000000  0.000000  0.000000
 1185.0  0.000000  0.000000  0.000000  0.000000
 1190.0  0.000000  0.000000  0.000000  0.000000
 1195.0  0.000000  0.000000  0.000000  0.000000
 1200.0  0.000000  0.000000  0.000000  0.000000
 1205.0  0.000000  0.000000 -0.000000  0.000000
 1210.0  0.000000  0.000000 -0.000000  0.000000
 1215.0  0.000000  0.000000 -0.000000  0.000000
 1220.0  0.000000  0.000000 -0.000000  0.000000
 1225.0  0.000000  0.000000 -0.000000  0.000000
 1230.0  0.000000  0.000000 -0.000000  0.000000
 1235.0  0.000000  0.000000 -0.000000  0.000000
 1240.0  0.000000  0.000000 -0.000000  0.000000
 1245.0  0.000000  0.000000 -0.000000  0.000000
 1250.0  0.000000  0.000000  0.000000  0.000000
 1255.0  0.000000  0.000000  0.000000  0.000000
 1260.0  0.000000  0.000000  0.000000  0.000000
 1265.0  0.000000  0.000000  0.000000  0.000000
 1270.0  0.000000  0.000000  0.000000  0.000000
 1275.0  0.000000  0.000000  0.000000  0.000000
 1280.0  0.000000  0.000000  0.000000  0.000000
 1285.0  0.000000  0.000000  0.000000  0.000000
 1290.0  0.000000  0.000000  0.000000  0.000000
 1295.0  0.000000  0.000000  0.000000  0.000000
 1300.0  0.000000  0.000000  0.000000  0.000000
 1305.0  0.000000  0.000000 -0.000000  0.000000
 1310.0  0.000000  0.000000 -0.000000  0.000000
 1315.0  0.000000  0.000000 -0.000000  0.000000
 1320.0  0.000000  0.000000 -0.000000  0.000000
 1325.0  0.000000  0.000000 -0.000000  0.000000
 1330.0  0.000000  0.000000 -0.000000  0.000000
 1335.0  0.000000  0.000000 -0.000000  0.000000
 1340.0  0.000000  0.000000 -0.000000  0.000000
 1345.0  0.000000  0.000000 -0.000000  0.000000
 1350.0  0.000000  0.000000  0.000000  0.000000
 1355.0  0.000000  0.000000  0.000000  0.000000
 1360.0  0.000000  0.000000  0.000000  0.000000
 1365.0  0.000000  0.000000  0.000000  0.000000
 1370.0  0.000000  0.000000  0.000000  0.000000
 1375.0  0.000000  0.000000  0.000000  0.000000
 1380.0  0.000000  0.000000  0.000000  0.000000
 1385.0  0.000000  0.000000  0.000000  0.000000
 1390.0  0.000000  0.000000  0.000000  0.000000
 1395.0  0.000000  0.000000  0.000000  0.000000
 1400.0  0.000000  0.000000  0.000000  0.000000
 1405.0  0.000000  0.000000 -0.000000  0.000000
 1410.0  0.000000  0.000000 -0.000000  0.000000
 1415.0  0.000000  0.000000 -0.000000  0.000000
 1420.0  0.000000  0.000000 -0.000000  0.000000
 1425.0  0.000000  0.000000 -0.000000  0.000000
 1430.0  0.000000  0.000000 -0.000000  0.000000
 1435.0  0.000000  0.000000 -0.000000  0.000000
 1440.0  0.000000  0.000000 -0.000000  0.000000
 1445.0  0.000000  0.000000 -0.000000  0.000000
 1450.0  0.000000  0.000000  0.000000  0.000000
 1455.0  0.000000  0.000000  0.000000  0.000000
 1460.0  0.000000  0.000000  0.000000  0.000000
 1465.0  0.000000  0.000000  0.000000  0.000000
 1470.0  0.000000  0.000000  0.000000  0.000000
 1475.0  0.000000  0.000000  0.000000  0.000000
 1480.0  0.000000  0.000000  0.000000  0.000000
 1485.0  0.000000  0.000000  0.000000  0.000000
 1490.0  0.000000  0.000000  0.000000  0.000000
 1495.0  0.000000  0.000000  0.000000  0.000000
 1500.0  0.000000  0.000000  0.000000  0.000000
 1505.0  0.000000  0.000000 -0.000000  0.000000
 1510.0  0.000000  0.000000 -0.000000  0.000000
 1515.0  0.000000  0.000000 -0.000000  0.000000
 1520.0  0.000000  0.000000 -0.000000  0.000000
 1525.0  0.000000  0.000000 -0.000000  0.000000
 1530.0  0.000000  0.000000 -0.000000  0.000000
 1535.0  0.000000  0.000000 -0.000000  0.000000
 1540.0  0.000000  0.000000 -0.000000  0.000000
 1545.0  0.000000  0.000000 -0.000000  0.000000
 1550.0  0.000000  0.000000  0.000000  0.000000
 1555.0  0.000000  0.000000  0.000000  0.000000
 1560.0  0.000000  0.000000  0.000000  0.000000
 1565.0  0.000000  0.000000  0.000000  0.000000
 1570.0  0.000000  0.000000  0.000000  0.000000
 1575.0  0.000000  0.000000  0.000000  0.000000
 1580.0  0.000000  0.000000  0.000000  0.000000
 1585.0  0.000000  0.000000  0.000000  0.000000
 1590.0  0.000000  0.000000  0.000000  0.000000
 1595.0  0.000000  0.000000  0.000000  0.000000
 1600.0  0.000000  0.000000  0.000000  0.000000
 1605.0  0.000000  0.000000 -0.000000  0.000000
 1610.0  0.000000  0.000000 -0.000000  0.000000
 1615.0  0.000000  0.000000 -0.000000  0.000000
 1620.0  0.000000  0.000000 -0.000000  0.000000
 1625.0  0.000000  0.000000 -0.000000  0.000000
 1630.0  0.000000  0.000000 -0.000000  0.000000
 1635.0  0.000000  0.000000 -0.000000  0.000000
 1640.0  0.000000  0.000000 -0.000000  0.000000
 1645.0  0.000000  0.000000 -0.000000  0.000000
 1650.0  0.000000  0.000000  0.000000  0.000000
 1655.0  0.000000  0.000000  0.000000  0.000000
 1660.0  0.000000  0.000000  0.000000  0.000000
 1665.0  0.000000  0.000000  0.000000  0.000000
 1670.0  0.000000  0.000000  0.000000  0.000000
 1675.0  0.000000  0.000000  0.000000  0.000000
 1680.0  0.000000  0.000000  0.000000  0.000000
 1685.0  0.000000  0.000000  0.000000  0.000000
 1690.0  0.000000  0.000000  0.000000  0.000000
 1695.0  0.000000  0.000000  0.000000  0.000000
 1700.0  0.000000  0.000000  0.000000  0.000000
 1705.0  0.000000  0.000000 -0.000000  0.000000
 1710.0  0.000000  0.000000 -0.000000  0.000000
 1715.0  0.000000  0.000000 -0.000000  0.000000
 1720.0  0.000000  0.000000 -0.000000  0.000000
 1725.0  0.000000  0.000000 -0.000000  0.000000
 1730.0  0.000000  0.000000 -0.000000  0.000000
 1735.0  0.000000  0.000000 -0.000000  0.000000
 1740.0  0.000000  0.000000 -0.000000  0.000000
 1745.0  0.000000  0.000000 -0.000000  0.000000
 1750.0  0.000000  0.000000  0.000000  0.000000
 1755.0  0.000000  0.000000  0.000000  0.000000
 1760.0  0.000000  0.000000  0.000000  0.000000
 1765.0  0.000000  0.000000  0.000000  0.000000
 1770.0  0.000000  0.000000  0.000000  0.000000
 1775.0  0.000000  0.000000  0.000000  0.000000
 1780.0  0.000000  0.000000  0.000000  0.000000
 1785.0  0.000000  0.000000  0.000000  0.000000
 1790.0  0.000000  0.000000  0.000000  0.000000
 1795.0  0.000000  0.000000  0.000000  0.000000
 1800.0  0.000000  0.000000  0.000000  0.000000
 1805.0  0.000000  0.000000 -0.000000  0.000000
 1810.0  0.000000  0.000000 -0.000000  0.000000
 1815.0  0.000000  0.000000 -0.000000  0.000000
 1820.0  0.000000  0.000000 -0.000000  0.000000
 1825.0  0.000000  0.000000 -0.000000  0.000000
 1830.0  0.000000  0.000000 -0.000000  0.000000
 1835.0  0.000000  0.000000 -0.000000  0.000000
 1840.0  0.000000  0.000000 -0.000000  0.000000
 1845.0  0.000000  0.000000 -0.000000  0.000000
 1850.0  0.000000  0.000000  0.000000  0.000000
 1855.0  0.000000  0.000000  0.000000  0.000000
 1860.0  0.000000  0.000000  0.000000  0.000000
 1865.0  0.000000  0.000000  0.000000  0.000000
 1870.0  0.000000  0.000000  0.000000  0.000000
 1875.0  0.000000  0.000000  0.000000  0.000000
 1880.0  0.000000  0.000000  0.000000  0.000000
 1885.0  0.000000  0.000000  0.000000  0.000000
 1890.0  0.000000  0.000000  0.000000  0.000000
 1895.0  0.000000  0.000000  0.000000  0.000000
 1900.0  0.000000  0.000000  0.000000  0.000000
 1905.0  0.000000  0.000000 -0.000000  0.000000
 1910.0  0.000000  0.000000 -0.000000  0.000000
 1915.0  0.000000  0.000000 -0.000000  0.000000
 1920.0  0.000000  0.000000 -0.000000  0.000000
 1925.0  0.000000  0.000000 -0.000000  0.000000
 1930.0  0.000000  0.000000 -0.000000  0.000000
 1935.0  0.000000  0.000000 -0.000000  0.000000
 1940.0  0.000000  0.000000 -0.000000  0.000000
 1945.0  0.000000  0.000000 -0.000000  0.000000
 1950.0  0.000000  0.000000  0.000000  0.000000
 1955.0  0.000000  0.000000  0.000000  0.000000
 1960.0  0.000000  0.000000  0.000000  0.000000
 1965.0  0.000000  0.000000  0.000000  0.000000
 1970.0  0.000000  0.000000  0.000000  0.000000
 1975.0  0.000000  0.000000  0.000000  0.000000
 1980.0  0.000000  0.000000  0.000000  0.000000
 1985.0  0.000000  0.000000  0.000000  0.000000
 1990.0  0.000000  0.000000  0.000000  0.000000
 1995.0  0.000000  0.000000  0.000000  0.000000
 2000.0  0.000000  0.000000  0.000000  0.000000
 2005.0  0.000000  0.000000 -0.000000  0.000000
 2010.0  0.000000  0.000000 -0.000000  0.000000
 2015.0  0.000000  0.000000 -0.000000  0.000000
 2020.0  0.000000  0.000000 -0.000000  0.000000
 2025.0  0.000000  0.000000 -0.000000  0.000000
 2030.0  0.000000  0.000000 -0.000000  0.000000
 2035.0  0.000000  0.000000 -0.000000  0.000000
 2040.0  0.000000  0.000000 -0.000000  0.000000
 2045.0  0.000000  0.000000 -0.000000  0.000000
 2050.0  0.000000  0.000000  0.000000  0.000000
 2055.0  0.000000  0.000000  0.000000  0.000000
 2060.0  0.000000  0.000000  0.000000  0.000000
 2065.0  0.000000  0.000000  0.000000  0.000000
 2070.0  0.000000  0.000000  0.000000  0.000000
 2075.0  0.000000  0.000000  0.000000  0.000000
 2080.0  0.000000  0.000000  0.000000  0.000000
 2085.0  0.000000  0.000000  0.000000  0.000000
 2090.0  0.000000  0.000000  0.000000  0.000000
 2095.0  0.000000  0.000000  0.000000  0.000000
 2100.0  0.000000  0.000000  0.000000  0.000000
 2105.0  0.000000  0.000000 -0.000000  0.000000
 2110.0  0.000000  0.000000 -0.000000  0.000000
 2115.0  0.000000  0.000000 -0.000000  0.000000
 2120.0  0.000000  0.000000 -0.000000  0.000000
 2125.0  0.000000  0.000000 -0.000000  0.000000
 2130.0  0.000000  0.000000 -0.000000  0.000000
 2135.0  0.000000  0.000000 -0.000000  0.000000
 2140.0  0.000000  0.000000 -0.000000  0.000000
 2145.0  0.000000  0.000000 -0.000000  0.000000
 2150.0  0.000000  0.000000  0.000000  0.000000
 2155.0  0.000000  0.000000  0.000000  0.000000
 2160.0  0.000000  0.000000  0.000000  0.000000
 2165.0  0.000000  0.000000  0.000000  0.000000
 2170.0  0.000000  0.000000  0.000000  0.000000
 2175.0  0.000000  0.000000  0.000000  0.000000
 2180.0  0.000000  0.000000  0.000000  0.000000
 2185.0  0.000000  0.000000  0.000000  0.000000
 2190.0  0.000000  0.000000  0.000000  0.000000
 2195.0  0.000000  0.000000  0.000000  0.000000
 2200.0  0.000000  0.000000  0.000000  0.000000
 2205.0  0.000000  0.000000 -0.000000  0.000000
 2210.0  0.000000  0.000000 -0.000000  0.000000
 2215.0  0.000000  0.000000 -0.000000  0.000000
 2220.0  0.000000  0.000000 -0.000000  0.000000
 2225.0  0.000000  0.000000 -0.000000  0.000000
 2230.0  0.000000  0.000000 -0.000000  0.000000
 2235.0  0.000000  0.000000 -0.000000  0.000000
 2240.0  0.000000  0.000000 -0.000000  0.000000
 2245.0  0.000000  0.000000 -0.000000  0.000000
 2250.0  0.000000  0.000000  0.000000  0.000000
 2255.0  0.000000  0.000000  0.000000  0.000000
 2260.0  0.000000  0.000000  0.000000  0.000000
 2265.0  0.000000  0.000000  0.000000  0.000000
 2270.0  0.000000  0.000000  0.000000  0.000000
 2275.0  0.000000  0.000000  0.000000  0.000000
 2280.0  0.000000  0.000000  0.000000  0.000000
 2285.0  0.000000  0.000000  0.000000  0.000000
 2290.0  0.000000  0.000000  0.000000  0.000000
 2295.0  0.000000  0.000000  0.000000  0.000000
 2300.0  0.000000  0.000000  0.000000  0.000000
 2305.0  0.000000  0.000000 -0.000000  0.000000
 2310.0  0.000000  0.000000 -0.000000  0.000000
 2315.0  0.000000  0.000000 -0.000000  0.000000
 2320.0  0.000000  0.000000 -0.000000  0.000000
 2325.0  0.000000  0.000000 -0.000000  0.000000
 2330.0  0.000000  0.000000 -0.000000  0.000000
 2335.0  0.000000  0.000000 -0.000000  0.000000
 2340.0  0.000000  0.000000 -0.000000  0.000000
 2345.0  0.000000  0.000000 -0.000000  0.000000
 2350.0  0.000000  0.000000  0.000000  0.000000
 2355.0  0.000000  0.000000  0.000000  0.000000
 2360.0  0.000000  0.000000  0.000000  0.000000
 2365.0  0.000000  0.000000  0.000000  0.000000
 2370.0  0.000000  0.000000  0.000000  0.000000
 2375.0  0.000000  0.000000  0.000000  0.000000
 2380.0  0.000000  0.000000  0.000000  0.000000
 2385.0  0.000000  0.000000  0.000000  0.000000
 2390.0  0.000000  0.000000  0.000000  0.000000
 2395.0  0.000000  0.000000  0.000000  0.000000
 2400.0  0.000000  0.000000  0.000000  0.000000
 2405.0  0.000000  0.000000 -0.000000  0.000000
 2410.0  0.000000  0.000000 -0.000000  0.000000
 2415.0  0.000000  0.000000 -0.000000  0.000000
 2420.0  0.000000  0.000000 -0.000000  0.000000
 2425.0  0.000000  0.000000 -0.000000  0.000000
 2430.0  0.000000  0.000000 -0.000000  0.000000
 2435.0  0.000000  0.000000 -0.000000  0.000000
 2440.0  0.000000  0.000000 -0.000000  0.000000
 2445.0  0.000000  0.000000 -0.000000  0.000000
 2450.0  0.000000  0.000000  0.000000  0.000000
 2455.0  0.000000  0.000000  0.000000  0.000000
 2460.0  0.000000  0.000000  0.000000  0.000000
 2465.0  0.000000  0.000000  0.000000  0.000000
 2470.0  0.000000  0.000000  0.000000  0.000000
 2475.0  0.000000  0.000000  0.000000  0.000000
 2480.0  0.000000  0.000000  0.000000  0.000000
 2485.0  0.000000  0.000000  0.000000  0.000000
 2490.0  0.000000  0.000000  0.000000  0.000000
 2495.0  0.000000  0.000000  0.000000  0.000000
 2500.0  0.000000  0.000000  0.000000  0.000000
 2505.0  0.000000  0.000000 -0.000000  0.000000
 2510.0  0.000000  0.000000 -0.000000  0.000000
 2515.0  0.000000  0.000000 -0.000000  0.000000
 2520.0  0.000000  0.000000 -0.000000  0.000000
 2525.0  0.000000  0.000000 -0.000000  0.000000
 2530.0  0.000000  0.000000 -0.000000  0.000000
 2535.0  0.000000  0.000000 -0.000000  0.000000
 2540.0  0.000000  0.000000 -0.000000  0.000000
 2545.0  0.000000  0.000000 -0.000000  0.000000
 2550.0  0.000000  0.000000  0.000000  0.000000
 2555.0  0.000000  0.000000  0.000000  0.000000
 2560.0  0.000000  0.000000  0.000000  0.000000
 2565.0  0.000000  0.000000  0.000000  0.000000
 2570.0  0.000000  0.000000  0.000000  0.000000
 2575.0  0.000000  0.000000  0.000000  0.000000
 2580.0  0.000000  0.000000  0.000000  0.000000
 2585.0  0.000000  0.000000  0.000000  0.000000
 2590.0  0.000000  0.000000  0.000000  0.000000
 2595.0  0.000000  0.000000  0.000000  0.000000
 2600.0  0.000000  0.000000  0.000000  0.000000
 2605.0  0.000000  0.000000 -0.000000  0.000000
 2610.0  0.000000  0.000000 -0.000000  0.000000
 2615.0  0.000000  0.000000 -0.000000  0.000000
 2620.0  0.000000  0.000000 -0.000000  0.000000
 2625.0  0.000000  0.000000 -0.000000  0.000000
 2630.0  0.000000  0.000000 -0.000000  0.000000
 2635.0  0.000000  0.000000 -0.000000  0.000000
 2640.0  0.000000  0.000000 -0.000000  0.000000
 2645.0  0.000000  0.000000 -0.000000  0.000000
 2650.0  0.000000  0.000000  0.000000  0.000000
 2655.0  0.000000  0.000000  0.000000  0.000000
 2660.0  0.000000  0.000000  0.000000  0.000000
 2665.0  0.000000  0.000000  0.000000  0.000000
 2670.0  0.000000  0.000000  0.000000  0.000000
 2675.0  0.000000  0.000000  0.000000  0.000000
 2680.0  0.000000  0.000000  0.000000  0.000000
 2685.0  0.000000  0.000000  0.000000  0.000000
 2690.0  0.000000  0.000000  0.000000  0.000000
 2695.0  0.000000  0.000000  0.000000  0.000000
 2700.0  0.000000  0.000000  0.000000  0.000000
 2705.0  0.000000  0.000000 -0.000000  0.000000
 2710.0  0.000000  0.000000 -0.000000  0.000000
 2715.0  0.000000  0.000000 -0.000000  0.000000
 2720.0  0.000000  0.000000 -0.000000  0.000000
 2725.0  0.000000  0.000000 -0.000000  0.000000
 2730.0  0.000000  0.000000 -0.000000  0.000000
 2735.0  0.000000  0.000000 -0.000000  0.000000
 2740.0  0.000000  0.000000 -0.000000  0.000000
 2745.0  0.000000  0.000000 -0.000000  0.000000
 2750.0  0.000000  0.000000  0.000000  0.000000
 2755.0  0.000000  0.000000  0.000000  0.000000
 2760.0  0.000000  0.000000  0.000000  0.000000
 2765.0  0.000001  0.000000  0.000001  0.000000
 2770.0  0.000001  0.000000  0.000001  0.000000
 2775.0  0.000001  0.000000  0.000001  0.000000
 2780.0  0.000001  0.000000  0.000001  0.000000
 2785.0  0.000001  0.000000  0.000001  0.000000
 2790.0  0.000001  0.000000  0.000001  0.000000
 2795.0  0.000000  0.000000  0.000000  0.000000
 2800.0  0.000000  0.000000  0.000000  0.000000
 2805.0  0.000000  0.000000 -0.000001  0.000000
 2810.0  0.000000  0.000000 -0.000001  0.000000
 2815.0  0.000000  0.000000 -0.000002  0.000000
 2820.0  0.000000  0.000000 -0.000003  0.000000
 2825.0  0.000000  0.000000 -0.000003  0.000000
 2830.0  0.000000  0.000000 -0.000003  0.000000
 2835.0  0.000000  0.000000 -0.000003  0.000000
 2840.0  0.000000  0.000000 -0.000003  0.000000
 2845.0  0.000000  0.000000 -0.000002  0.000000
 2850.0  0.000000  0.000000  0.000000  0.000000
 2855.0  0.000002  0.000000  0.000002  0.000000
 2860.0  0.000005  0.000000  0.000005  0.000000
 2865.0  0.000008  0.000000  0.000008  0.000000
 2870.0  0.000010  0.000000  0.000010  0.000000
 2875.0  0.000012  0.000000  0.000012  0.000000
 2880.0  0.000013  0.000000  0.000013  0.000000
 2885.0  0.000012  0.000000  0.000012  0.000000
 2890.0  0.000010  0.000000  0.000010  0.000000
 2895.0  0.000006  0.000000  0.000006  0.000000
 2900.0  0.000000  0.000000  0.000000  0.000000
 2905.0  0.000000  0.000000 -0.000008  0.000000
 2910.0  0.000000  0.000000 -0.000018  0.000000
 2915.0  0.000000  0.000000 -0.000028  0.000000
 2920.0  0.000000  0.000000 -0.000037  0.000000
 2925.0  0.000000  0.000000 -0.000044  0.000000
 2930.0  0.000000  0.000000 -0.000047  0.000000
 2935.0  0.000000  0.000000 -0.000045  0.000000
 2940.0  0.000000  0.000000 -0.000038  0.000000
 2945.0  0.000000  0.000000 -0.000023  0.000000
 2950.0  0.000000  0.000000  0.000000  0.000000
 2955.0  0.000032  0.000000  0.000032  0.000000
 2960.0  0.000068  0.000000  0.000068  0.000000
 2965.0  0.000105  0.000000  0.000105  0.000000
 2970.0  0.000138  0.000000  0.000138  0.000000
 2975.0  0.000163  0.000000  0.000163  0.000000
 2980.0  0.000175  0.000000  0.000175  0.000000
 2985.0  0.000169  0.000000  0.000169  0.000000
 2990.0  0.000141  0.000000  0.000141  0.000000
 2995.0  0.000086  0.000000  0.000086  0.000000
 3000.0  0.000000  0.000000  0.000000  0.000000
 3005.0  0.000000  0.000000 -0.000118  0.000000
 3010.0  0.000000  0.000000 -0.000255  0.000000
 3015.0  0.000000  0.000000 -0.000393  0.000000
 3020.0  0.000000  0.000000 -0.000517  0.000000
 3025.0  0.000000  0.000000 -0.000609  0.000000
 3030.0  0.000000  0.000000 -0.000652  0.000000
 3035.0  0.000000  0.000000 -0.000629  0.000000
 3040.0  0.000000  0.000000 -0.000525  0.000000
 3045.0  0.000000  0.000000 -0.000320  0.000000
 3050.0  0.000000  0.000000  0.000000  0.000000
 3055.0  0.000447  0.000000  0.000447  0.000000
 3060.0  0.001007  0.000000  0.001007  0.000000
 3065.0  0.001658  0.000000  0.001658  0.000000
 3070.0  0.002380  0.000000  0.002380  0.000000
 3075.0  0.003152  0.000000  0.003152  0.000000
 3080.0  0.003954  0.000000  0.003954  0.000000
 3085.0  0.004764  0.000000  0.004764  0.000000
 3090.0  0.005563  0.000000  0.005563  0.000000
 3095.0  0.006329  0.000000  0.006329  0.000000
 3100.0  0.007042  0.000000  0.007042  0.000000
 3105.0  0.007687  0.000000  0.007687  0.000000
 3110.0  0.008269  0.000000  0.008269  0.000000
 3115.0  0.008800  0.000000  0.008800  0.000000
 3120.0  0.009292  0.000000  0.009292  0.000000
 3125.0  0.009757  0.000000  0.009757  0.000000
 3130.0  0.010205  0.000000  0.010205  0.000000
 3135.0  0.010649  0.000000  0.010649  0.000000
 3140.0  0.011101  0.000000  0.011101  0.000000
 3145.0  0.011571  0.000000  0.011571  0.000000
 3150.0  0.012072  0.000000  0.012072  0.000000
 3155.0  0.012609  0.000000  0.012609  0.000000
 3160.0  0.013162  0.000000  0.013162  0.000000
 3165.0  0.006894  0.009634  0.013706  0.000081
 3170.0  0.014215  0.000000  0.014215  0.000000
 3175.0  0.014663  0.000000  0.014663 -0.000244
 3180.0  0.015025  0.000000  0.015025  0.000000
 3185.0  0.008083  0.010168  0.015274  0.000893
 3190.0  0.015385  0.000000  0.015385  0.000000
 3195.0  0.015332  0.000000  0.015332 -0.003329
 3200.0  0.015091  0.000000  0.015091  0.000000
 3205.0  0.015577  0.001315  0.014647  0.016506
 3210.0  0.023348  0.013158  0.014043  0.032652
 3215.0  0.026040  0.017968  0.013335  0.038745
 3220.0  0.036555  0.033911  0.012576  0.060534
 3225.0  0.066561  0.077411  0.011823  0.121299
 3230.0  0.105079  0.132865  0.011129  0.199029
 3235.0  0.133462  0.173821  0.010552  0.256372
 3240.0  0.125029  0.162472  0.010144  0.239914
 3245.0  0.067955  0.082014  0.009962  0.125948
 3250.0  0.017852  0.011020  0.010060  0.025645
 3255.0  0.028665  0.025720  0.010478  0.046852
 3260.0  0.080215  0.097620  0.011187  0.149243
 3265.0  0.132447  0.170133  0.012145  0.252749
 3270.0  0.139909  0.179041  0.013308  0.266510
 3275.0  0.079108  0.091185  0.014631  0.143586
 3280.0  0.019799  0.005272  0.016071  0.023527
 3285.0  0.029390  0.016693  0.017586  0.041194
 3290.0  0.072670  0.075717  0.019130  0.126210
 3295.0  0.099026  0.110826  0.020660  0.177391
 3300.0  0.098848  0.108491  0.022133  0.175563
 3305.0  0.075265  0.073187  0.023514  0.127015
 3310.0  0.041352  0.023402  0.024804  0.057900
 3315.0  0.013772  0.017316  0.026016  0.001527
 3320.0  0.027159  0.000000  0.027159  0.000000
 3325.0  0.050202  0.031051  0.028245  0.072159
 3330.0  0.082147  0.074757  0.029285  0.135008
 3335.0  0.071431  0.058183  0.030289  0.112572
 3340.0  0.045026  0.019456  0.031269  0.058783
 3345.0  0.037085  0.006858  0.032235  0.041934
 3350.0  0.045517  0.017420  0.033199  0.057834
 3355.0  0.059226  0.035437  0.034168  0.084284
 3360.0  0.067326  0.045518  0.035140  0.099512
 3365.0  0.062754  0.037684  0.036108  0.089401
 3370.0  0.053540  0.023299  0.037065  0.070014
 3375.0  0.048815  0.015285  0.038006  0.059623
 3380.0  0.047042  0.011479  0.038925  0.055159
 3385.0  0.046368  0.009266  0.039816  0.052920
 3390.0  0.054346  0.019340  0.040671  0.068022
 3395.0  0.074913  0.047273  0.041486  0.108339
 3400.0  0.088113  0.064856  0.042254  0.133973
 3405.0  0.075508  0.046009  0.042974  0.108041
 3410.0  0.048590  0.006953  0.043674  0.053506
 3415.0  0.025693  0.026433  0.044384  0.007002
 3420.0  0.045136  0.000000  0.045136  0.000000
 3425.0  0.045285  0.000957  0.045962  0.044608
 3430.0  0.063770  0.023867  0.046893  0.080647
 3435.0  0.052222  0.006024  0.047963  0.056482
 3440.0  0.038077  0.015733  0.049201  0.026952
 3445.0  0.051493  0.001205  0.050641  0.052345
 3450.0  0.080299  0.039577  0.052314  0.108285
 3455.0  0.102878  0.068798  0.054231  0.151526
 3460.0  0.102173  0.064843  0.056322  0.148023
 3465.0  0.073452  0.021152  0.058496  0.088409
 3470.0  0.056742  0.005543  0.060662  0.052823
 3475.0  0.084245  0.030427  0.062730  0.105760
 3480.0  0.112123  0.067197  0.064608  0.159639
 3485.0  0.095868  0.041949  0.066206  0.125531
 3490.0  0.064324  0.004397  0.067433  0.061215
 3495.0  0.055364  0.018150  0.068198  0.042530
 3500.0  0.069625  0.001717  0.068410  0.070839
 3505.0  0.093811  0.036484  0.068013  0.119609
 3510.0  0.096138  0.041095  0.067079  0.125196
 3515.0  0.059132  0.009316  0.065719  0.052544
 3520.0  0.041053  0.032508  0.064040  0.018066
 3525.0  0.090136  0.039579  0.062149  0.118122
 3530.0  0.138766  0.111171  0.060156  0.217376
 3535.0  0.117383  0.083741  0.058169  0.176596
 3540.0  0.064479  0.011575  0.056295  0.072664
 3545.0  0.037681  0.023987  0.054642  0.020719
 3550.0  0.063071  0.013790  0.053320  0.072822
 3555.0  0.139735  0.123484  0.052419  0.227051
 3560.0  0.190303  0.195640  0.051964  0.328641
 3565.0  0.151196  0.140335  0.051964  0.250428
 3570.0  0.090464  0.053793  0.052427  0.128501
 3575.0  0.082092  0.040631  0.053361  0.110822
 3580.0  0.092180  0.052899  0.054775  0.129586
 3585.0  0.077685  0.029711  0.056676  0.098694
 3590.0  0.066868  0.011021  0.059074  0.074661
 3595.0  0.090407  0.040206  0.061977  0.118837
 3600.0  0.117357  0.073490  0.065392  0.169322
 3605.0  0.113583  0.062632  0.069295  0.157870
 3610.0  0.093814  0.028695  0.073523  0.114104
 3615.0  0.079826  0.002750  0.077881  0.081771
 3620.0  0.072707  0.013387  0.082173  0.063241
 3625.0  0.068966  0.024377  0.086203  0.051729
 3630.0  0.067493  0.031512  0.089775  0.045210
 3635.0  0.068744  0.033870  0.092694  0.044794
 3640.0  0.077072  0.025021  0.094764  0.059379
 3645.0  0.093908  0.002660  0.095789  0.092027
 3650.0  0.105123  0.013506  0.095573  0.114674
 3655.0  0.097181  0.004502  0.093997  0.100364
 3660.0  0.074472  0.023723  0.091247  0.057698
 3665.0  0.048545  0.055207  0.087583  0.009508
 3670.0  0.083268  0.000000  0.083268  0.000000
 3675.0  0.067286  0.015947  0.078563  0.056010
 3680.0  0.093627  0.028139  0.073729  0.113524
 3685.0  0.090319  0.030108  0.069030  0.111609
 3690.0  0.078612  0.019638  0.064726  0.092499
 3695.0  0.082262  0.029958  0.061079  0.103445
 3700.0  0.083470  0.035525  0.058350  0.108590
 3705.0  0.062943  0.008782  0.056733  0.069152
 3710.0  0.036956  0.027138  0.056146  0.017767
 3715.0  0.056437  0.000000  0.056437 -0.005215
 3720.0  0.057457  0.000000  0.057457  0.000000
 3725.0  0.043140  0.022506  0.059054  0.027226
 3730.0  0.073991  0.018262  0.061077  0.086904
 3735.0  0.119975  0.080043  0.063377  0.176574
 3740.0  0.145663  0.112942  0.065801  0.225525
 3745.0  0.122948  0.077425  0.068200  0.177695
 3750.0  0.087143  0.023646  0.070423  0.103863
 3755.0  0.078980  0.009376  0.072351  0.085609
 3760.0  0.097444  0.033159  0.073997  0.120891
 3765.0  0.127670  0.073910  0.075407  0.179932
 3770.0  0.141151  0.091250  0.076627  0.205675
 3775.0  0.118726  0.058016  0.077702  0.159749
 3780.0  0.092256  0.019203  0.078678  0.105834
 3785.0  0.094150  0.020578  0.079599  0.108701
 3790.0  0.107976  0.038839  0.080512  0.135439
 3795.0  0.110615  0.041228  0.081462  0.139767
 3800.0  0.101037  0.026223  0.082495  0.119580
 3805.0  0.086664  0.004277  0.083639  0.089688
 3810.0  0.086620  0.002494  0.084856  0.088383
 3815.0  0.115482  0.041566  0.086090  0.144873
 3820.0  0.157917  0.099888  0.087286  0.228549
 3825.0  0.191538  0.145878  0.088387  0.294689
 3830.0  0.195640  0.150332  0.089339  0.301941
 3835.0  0.160963  0.100235  0.090087  0.231840
 3840.0  0.122344  0.044930  0.090573  0.154114
 3845.0  0.112087  0.030183  0.090744  0.133430
 3850.0  0.108277  0.025079  0.090543  0.126011
 3855.0  0.086835  0.004403  0.089948  0.083721
 3860.0  0.069244  0.028032  0.089066  0.049422
 3865.0  0.078509  0.013475  0.088038  0.068981
 3870.0  0.098149  0.015762  0.087003  0.109294
 3875.0  0.107450  0.030189  0.086103  0.128797
 3880.0  0.108260  0.032218  0.085478  0.131041
 3885.0  0.106444  0.029948  0.085268  0.127621
 3890.0  0.101388  0.022309  0.085613  0.117163
 3895.0  0.091642  0.007055  0.086654  0.096631
 3900.0  0.078920  0.013593  0.088531  0.069308
 3905.0  0.069108  0.031455  0.091350  0.046865
 3910.0  0.081643  0.018993  0.095073  0.068213
 3915.0  0.128867  0.041346  0.099631  0.158102
 3920.0  0.181184  0.107810  0.104951  0.257417
 3925.0  0.208146  0.137438  0.110962  0.305329
 3930.0  0.217812  0.141729  0.117594  0.318030
 3935.0  0.222452  0.138137  0.124774  0.320129
 3940.0  0.212660  0.113460  0.132432  0.292889
 3945.0  0.182248  0.059048  0.140495  0.224002
 3950.0  0.159568  0.015097  0.148893  0.170243
 3955.0  0.171260  0.019413  0.157533  0.184987
 3960.0  0.202571  0.051393  0.166230  0.238911
 3965.0  0.232724  0.081944  0.174781  0.290667
 3970.0  0.258238  0.106431  0.182979  0.333496
 3975.0  0.278363  0.124087  0.190620  0.366106
 3980.0  0.285995  0.125153  0.197499  0.374492
 3985.0  0.275959  0.102601  0.203409  0.348508
 3990.0  0.257155  0.069309  0.208146  0.306163
 3995.0  0.238766  0.038553  0.211505  0.266027
 4000.0  0.217014  0.005281  0.213280  0.220748
 4005.0  0.168513  0.000000  0.000000  0.168513
 4010.0  0.155553  0.000000  0.000000  0.155553
 4015.0  0.210580  0.000000  0.000000  0.210580
 4020.0  0.244172  0.000000  0.000000  0.244172
 4025.0  0.178488  0.000000  0.000000  0.178488
 4030.0  0.100142  0.000000  0.000000  0.100142
 4035.0  0.101710  0.000000  0.000000  0.101710
 4040.0  0.135169  0.000000  0.000000  0.135169
 4045.0  0.138923  0.000000  0.000000  0.138923
 4050.0  0.137702  0.000000  0.000000  0.137702
 4055.0  0.162641  0.000000  0.000000  0.162641
 4060.0  0.184193  0.000000  0.000000  0.184193
 4065.0  0.173255  0.000000  0.000000  0.173255
 4070.0  0.163191  0.000000  0.000000  0.163191
 4075.0  0.185903  0.000000  0.000000  0.185903
 4080.0  0.204989  0.000000  0.000000  0.204989
 4085.0  0.186357  0.000000  0.000000  0.186357
 4090.0  0.173470  0.000000  0.000000  0.173470
 4095.0  0.209072  0.000000  0.000000  0.209072
 4100.0  0.255491  0.000000  0.000000  0.255491
 4105.0  0.267896  0.000000  0.000000  0.267896
 4110.0  0.253255  0.000000  0.000000  0.253255
 4115.0  0.227381  0.000000  0.000000  0.227381
 4120.0  0.189675  0.000000  0.000000  0.189675
 4125.0  0.144461  0.000000  0.000000  0.144461
 4130.0  0.132148  0.000000  0.000000  0.132148
 4135.0  0.179400  0.000000  0.000000  0.179400
 4140.0  0.221796  0.000000  0.000000  0.221796
 4145.0  0.198714  0.000000  0.000000  0.198714
 4150.0  0.155814  0.000000  0.000000  0.155814
 4155.0  0.147606  0.000000  0.000000  0.147606
 4160.0  0.157710  0.000000  0.000000  0.157710
 4165.0  0.159053  0.000000  0.000000  0.159053
 4170.0  0.152657  0.000000  0.000000  0.152657
 4175.0  0.146437  0.000000  0.000000  0.146437
 4180.0  0.147771  0.000000  0.000000  0.147771
 4185.0  0.158368  0.000000  0.000000  0.158368
 4190.0  0.157804  0.000000  0.000000  0.157804
 4195.0  0.132455  0.000000  0.000000  0.132455
 4200.0  0.118046  0.000000  0.000000  0.118046
 4205.0  0.145292  0.000000  0.000000  0.145292
 4210.0  0.175541  0.000000  0.000000  0.175541
 4215.0  0.166605  0.000000  0.000000  0.166605
 4220.0  0.131522  0.000000  0.000000  0.131522
 4225.0  0.096253  0.000000  0.000000  0.096253
 4230.0  0.083224  0.000000  0.000000  0.083224
 4235.0  0.104090  0.000000  0.000000  0.104090
 4240.0  0.130961  0.000000  0.000000  0.130961
 4245.0  0.135751  0.000000  0.000000  0.135751
 4250.0  0.129137  0.000000  0.000000  0.129137
 4255.0  0.127761  0.000000  0.000000  0.127761
 4260.0  0.133367  0.000000  0.000000  0.133367
 4265.0  0.143204  0.000000  0.000000  0.143204
 4270.0  0.151462  0.000000  0.000000  0.151462
 4275.0  0.153985  0.000000  0.000000  0.153985
 4280.0  0.156302  0.000000  0.000000  0.156302
 4285.0  0.162597  0.000000  0.000000  0.162597
 4290.0  0.161984  0.000000  0.000000  0.161984
 4295.0  0.147284  0.000000  0.000000  0.147284
 4300.0  0.141228  0.000000  0.000000  0.141228
 4305.0  0.163200  0.000000  0.000000  0.163200
 4310.0  0.189299  0.000000  0.000000  0.189299
 4315.0  0.196354  0.000000  0.000000  0.196354
 4320.0  0.207410  0.000000  0.000000  0.207410
 4325.0  0.244564  0.000000  0.000000  0.244564
 4330.0  0.279899  0.000000  0.000000  0.279899
 4335.0  0.286983  0.000000  0.000000  0.286983
 4340.0  0.295327  0.000000  0.000000  0.295327
 4345.0  0.329969  0.000000  0.000000  0.329969
 4350.0  0.342115  0.000000  0.000000  0.342115
 4355.0  0.289099  0.000000  0.000000  0.289099
 4360.0  0.226590  0.000000  0.000000  0.226590
 4365.0  0.215176  0.000000  0.000000  0.215176
 4370.0  0.236766  0.000000  0.000000  0.236766
 4375.0  0.257198  0.000000  0.000000  0.257198
 4380.0  0.256695  0.000000  0.000000  0.256695
 4385.0  0.227849  0.000000  0.000000  0.227849
 4390.0  0.198343  0.000000  0.000000  0.198343
 4395.0  0.197670  0.000000  0.000000  0.197670
 4400.0  0.227477  0.000000  0.000000  0.227477
 4405.0  0.279884  0.000000  0.000000  0.279884
 4410.0  0.336755  0.000000  0.000000  0.336755
 4415.0  0.375204  0.000000  0.000000  0.375204
 4420.0  0.363599  0.000000  0.000000  0.363599
 4425.0  0.291657  0.000000  0.000000  0.291657
 4430.0  0.243232  0.000000  0.000000  0.243232
 4435.0  0.290688  0.000000  0.000000  0.290688
 4440.0  0.366294  0.000000  0.000000  0.366294
 4445.0  0.390968  0.000000  0.000000  0.390968
 4450.0  0.380338  0.000000  0.000000  0.380338
 4455.0  0.369341  0.000000  0.000000  0.369341
 4460.0  0.375468  0.000000  0.000000  0.375468
 4465.0  0.404210  0.000000  0.000000  0.404210
 4470.0  0.430520  0.000000  0.000000  0.430520
 4475.0  0.434429  0.000000  0.000000  0.434429
 4480.0  0.446799  0.000000  0.000000  0.446799
 4485.0  0.492845  0.000000  0.000000  0.492845
 4490.0  0.524360  0.000000  0.000000  0.524360
 4495.0  0.499304  0.000000  0.000000  0.499304
 4500.0  0.473727  0.000000  0.000000  0.473727
 4505.0  0.503301  0.000000  0.000000  0.503301
 4510.0  0.544075  0.000000  0.000000  0.544075
 4515.0  0.546672  0.000000  0.000000  0.546672
 4520.0  0.539616  0.000000  0.000000  0.539616
 4525.0  0.557877  0.000000  0.000000  0.557877
 4530.0  0.584290  0.000000  0.000000  0.584290
 4535.0  0.595915  0.000000  0.000000  0.595915
 4540.0  0.598828  0.000000  0.000000  0.598828
 4545.0  0.604417  0.000000  0.000000  0.604417
 4550.0  0.616275  0.000000  0.000000  0.616275
 4555.0  0.638028  0.000000  0.000000  0.638028
 4560.0  0.681212  0.000000  0.000000  0.681212
 4565.0  0.745666  0.000000  0.000000  0.745666
 4570.0  0.776532  0.000000  0.000000  0.776532
 4575.0  0.731016  0.000000  0.000000  0.731016
 4580.0  0.669271  0.000000  0.000000  0.669271
 4585.0  0.654456  0.000000  0.000000  0.654456
 4590.0  0.658786  0.000000  0.000000  0.658786
 4595.0  0.647987  0.000000  0.000000  0.647987
 4600.0  0.652750  0.000000  0.000000  0.652750
 4605.0  0.701164  0.000000  0.000000  0.701164
 4610.0  0.745928  0.000000  0.000000  0.745928
 4615.0  0.740204  0.000000  0.000000  0.740204
 4620.0  0.714379  0.000000  0.000000  0.714379
 4625.0  0.704046  0.000000  0.000000  0.704046
 4630.0  0.688383  0.000000  0.000000  0.688383
 4635.0  0.647625  0.000000  0.000000  0.647625
 4640.0  0.622630  0.000000  0.000000  0.622630
 4645.0  0.652040  0.000000  0.000000  0.652040
 4650.0  0.704997  0.000000  0.000000  0.704997
 4655.0  0.740738  0.000000  0.000000  0.740738
 4660.0  0.748373  0.000000  0.000000  0.748373
 4665.0  0.727013  0.000000  0.000000  0.727013
 4670.0  0.685881  0.000000  0.000000  0.685881
 4675.0  0.641191  0.000000  0.000000  0.641191
 4680.0  0.626983  0.000000  0.000000  0.626983
 4685.0  0.666508  0.000000  0.000000  0.666508
 4690.0  0.722034  0.000000  0.000000  0.722034
 4695.0  0.751769  0.000000  0.000000  0.751769
 4700.0  0.758685  0.000000  0.000000  0.758685
 4705.0  0.756054  0.000000  0.000000  0.756054
 4710.0  0.753575  0.000000  0.000000  0.753575
 4715.0  0.758831  0.000000  0.000000  0.758831
 4720.0  0.774506  0.000000  0.000000  0.774506
 4725.0  0.798464  0.000000  0.000000  0.798464
 4730.0  0.814206  0.000000  0.000000  0.814206
 4735.0  0.810893  0.000000  0.000000  0.810893
 4740.0  0.814698  0.000000  0.000000  0.814698
 4745.0  0.842960  0.000000  0.000000  0.842960
 4750.0  0.840671  0.000000  0.000000  0.840671
 4755.0  0.759177  0.000000  0.000000  0.759177
 4760.0  0.647590  0.000000  0.000000  0.647590
 4765.0  0.568728  0.000000  0.000000  0.568728
 4770.0  0.542472  0.000000  0.000000  0.542472
 4775.0  0.572076  0.000000  0.000000  0.572076
 4780.0  0.637221  0.000000  0.000000  0.637221
 4785.0  0.706566  0.000000  0.000000  0.706566
 4790.0  0.728247  0.000000  0.000000  0.728247
 4795.0  0.669353  0.000000  0.000000  0.669353
 4800.0  0.593292  0.000000  0.000000  0.593292
 4805.0  0.567299  0.000000  0.000000  0.567299
 4810.0  0.577582  0.000000  0.000000  0.577582
 4815.0  0.597308  0.000000  0.000000  0.597308
 4820.0  0.628496  0.000000  0.000000  0.628496
 4825.0  0.673238  0.000000  0.000000  0.673238
 4830.0  0.705078  0.000000  0.000000  0.705078
 4835.0  0.700552  0.000000  0.000000  0.700552
 4840.0  0.676719  0.000000  0.000000  0.676719
 4845.0  0.664215  0.000000  0.000000  0.664215
 4850.0  0.707485  0.000000  0.000000  0.707485
 4855.0  0.822997  0.000000  0.000000  0.822997
 4860.0  0.901516  0.000000  0.000000  0.901516
 4865.0  0.854012  0.000000  0.000000  0.854012
 4870.0  0.797982  0.000000  0.000000  0.797982
 4875.0  0.849484  0.000000  0.000000  0.849484
 4880.0  0.912300  0.000000  0.000000  0.912300
 4885.0  0.883800  0.000000  0.000000  0.883800
 4890.0  0.848001  0.000000  0.000000  0.848001
 4895.0  0.893581  0.000000  0.000000  0.893581
 4900.0  0.941237  0.000000  0.000000  0.941237
 4905.0  0.912055  0.000000  0.000000  0.912055
 4910.0  0.896658  0.000000  0.000000  0.896658
 4915.0  0.988131  0.000000  0.000000  0.988131
 4920.0  1.119869  0.000000  0.000000  1.119869
 4925.0  1.204993  0.000000  0.000000  1.204993
 4930.0  1.235207  0.000000  0.000000  1.235207
 4935.0  1.224386  0.000000  0.000000  1.224386
 4940.0  1.196493  0.000000  0.000000  1.196493
 4945.0  1.163490  0.000000  0.000000  1.163490
 4950.0  1.079265  0.000000  0.000000  1.079265
 4955.0  0.914250  0.000000  0.000000  0.914250
 4960.0  0.763142  0.000000  0.000000  0.763142
 4965.0  0.720490  0.000000  0.000000  0.720490
 4970.0  0.755995  0.000000  0.000000  0.755995
 4975.0  0.814260  0.000000  0.000000  0.814260
 4980.0  0.864349  0.000000  0.000000  0.864349
 4985.0  0.885563  0.000000  0.000000  0.885563
 4990.0  0.873702  0.000000  0.000000  0.873702
 4995.0  0.834444  0.000000  0.000000  0.834444
 5000.0  0.796489  0.000000  0.000000  0.796489
 5005.0  0.783660  0.000000  0.000000  0.783660
 5010.0  0.777256  0.000000  0.000000  0.777256
 5015.0  0.759522  0.000000  0.000000  0.759522
 5020.0  0.759002  0.000000  0.000000  0.759002
 5025.0  0.805129  0.000000  0.000000  0.805129
 5030.0  0.884585  0.000000  0.000000  0.884585
 5035.0  0.971139  0.000000  0.000000  0.971139
 5040.0  1.029660  0.000000  0.000000  1.029660
 5045.0  1.034395  0.000000  0.000000  1.034395
 5050.0  1.005996  0.000000  0.000000  1.005996
 5055.0  0.973367  0.000000  0.000000  0.973367
 5060.0  0.952013  0.000000  0.000000  0.952013
 5065.0  0.951268  0.000000  0.000000  0.951268
 5070.0  0.969167  0.000000  0.000000  0.969167
 5075.0  0.999140  0.000000  0.000000  0.999140
 5080.0  1.027499  0.000000  0.000000  1.027499
 5085.0  1.041344  0.000000  0.000000  1.041344
 5090.0  1.038050  0.000000  0.000000  1.038050
 5095.0  1.023385  0.000000  0.000000  1.023385
 5100.0  1.026397  0.000000  0.000000  1.026397
 5105.0  1.065923  0.000000  0.000000  1.065923
 5110.0  1.096663  0.000000  0.000000  1.096663
 5115.0  1.079821  0.000000  0.000000  1.079821
 5120.0  1.066759  0.000000  0.000000  1.066759
 5125.0  1.107002  0.000000  0.000000  1.107002
 5130.0  1.152577  0.000000  0.000000  1.152577
 5135.0  1.151174  0.000000  0.000000  1.151174
 5140.0  1.130617  0.000000  0.000000  1.130617
 5145.0  1.129596  0.000000  0.000000  1.129596
 5150.0  1.150132  0.000000  0.000000  1.150132
 5155.0  1.173795  0.000000  0.000000  1.173795
 5160.0  1.137006  0.000000  0.000000  1.137006
 5165.0  0.994306  0.000000  0.000000  0.994306
 5170.0  0.817849  0.000000  0.000000  0.817849
 5175.0  0.695217  0.000000  0.000000  0.695217
 5180.0  0.658077  0.000000  0.000000  0.658077
 5185.0  0.709853  0.000000  0.000000  0.709853
 5190.0  0.796908  0.000000  0.000000  0.796908
 5195.0  0.863829  0.000000  0.000000  0.863829
 5200.0  0.905167  0.000000  0.000000  0.905167
 5205.0  0.932837  0.000000  0.000000  0.932837
 5210.0  0.978255  0.000000  0.000000  0.978255
 5215.0  1.066837  0.000000  0.000000  1.066837
 5220.0  1.180506  0.000000  0.000000  1.180506
 5225.0  1.287979  0.000000  0.000000  1.287979
 5230.0  1.348665  0.000000  0.000000  1.348665
 5235.0  1.337195  0.000000  0.000000  1.337195
 5240.0  1.298417  0.000000  0.000000  1.298417
 5245.0  1.281345  0.000000  0.000000  1.281345
 5250.0  1.281443  0.000000  0.000000  1.281443
 5255.0  1.283512  0.000000  0.000000  1.283512
 5260.0  1.283251  0.000000  0.000000  1.283251
 5265.0  1.283624  0.000000  0.000000  1.283624
 5270.0  1.305746  0.000000  0.000000  1.305746
 5275.0  1.359680  0.000000  0.000000  1.359680
 5280.0  1.393117  0.000000  0.000000  1.393117
 5285.0  1.365826  0.000000  0.000000  1.365826
 5290.0  1.348249  0.000000  0.000000  1.348249
 5295.0  1.406727  0.000000  0.000000  1.406727
 5300.0  1.480517  0.000000  0.000000  1.480517
 5305.0  1.498402  0.000000  0.000000  1.498402
 5310.0  1.474350  0.000000  0.000000  1.474350
 5315.0  1.441444  0.000000  0.000000  1.441444
 5320.0  1.424016  0.000000  0.000000  1.424016
 5325.0  1.437159  0.000000  0.000000  1.437159
 5330.0  1.467740  0.000000  0.000000  1.467740
 5335.0  1.498854  0.000000  0.000000  1.498854
 5340.0  1.526733  0.000000  0.000000  1.526733
 5345.0  1.553466  0.000000  0.000000  1.553466
 5350.0  1.591436  0.000000  0.000000  1.591436
 5355.0  1.644996  0.000000  0.000000  1.644996
 5360.0  1.676103  0.000000  0.000000  1.676103
 5365.0  1.657933  0.000000  0.000000  1.657933
 5370.0  1.650940  0.000000  0.000000  1.650940
 5375.0  1.711543  0.000000  0.000000  1.711543
 5380.0  1.792754  0.000000  0.000000  1.792754
 5385.0  1.837601  0.000000  0.000000  1.837601
 5390.0  1.852582  0.000000  0.000000  1.852582
 5395.0  1.856915  0.000000  0.000000  1.856915
 5400.0  1.857244  0.000000  0.000000  1.857244
 5405.0  1.859825  0.000000  0.000000  1.859825
 5410.0  1.881942  0.000000  0.000000  1.881942
 5415.0  1.932040  0.000000  0.000000  1.932040
 5420.0  1.972184  0.000000  0.000000  1.972184
 5425.0  1.970751  0.000000  0.000000  1.970751
 5430.0  1.967774  0.000000  0.000000  1.967774
 5435.0  1.991580  0.000000  0.000000  1.991580
 5440.0  1.952034  0.000000  0.000000  1.952034
 5445.0  1.770596  0.000000  0.000000  1.770596
 5450.0  1.533570  0.000000  0.000000  1.533570
 5455.0  1.351231  0.000000  0.000000  1.351231
 5460.0  1.264895  0.000000  0.000000  1.264895
 5465.0  1.280305  0.000000  0.000000  1.280305
 5470.0  1.329869  0.000000  0.000000  1.329869
 5475.0  1.351495  0.000000  0.000000  1.351495
 5480.0  1.378423  0.000000  0.000000  1.378423
 5485.0  1.439246  0.000000  0.000000  1.439246
 5490.0  1.448623  0.000000  0.000000  1.448623
 5495.0  1.332869  0.000000  0.000000  1.332869
 5500.0  1.178837  0.000000  0.000000  1.178837
 5505.0  1.081765  0.000000  0.000000  1.081765
 5510.0  1.009869  0.000000  0.000000  1.009869
 5515.0  0.918168  0.000000  0.000000  0.918168
 5520.0  0.835916  0.000000  0.000000  0.835916
 5525.0  0.798136  0.000000  0.000000  0.798136
 5530.0  0.788691  0.000000  0.000000  0.788691
 5535.0  0.780648  0.000000  0.000000  0.780648
 5540.0  0.755069  0.000000  0.000000  0.755069
 5545.0  0.709657  0.000000  0.000000  0.709657
 5550.0  0.700694  0.000000  0.000000  0.700694
 5555.0  0.776414  0.000000  0.000000  0.776414
 5560.0  0.894279  0.000000  0.000000  0.894279
 5565.0  1.000562  0.000000  0.000000  1.000562
 5570.0  1.087553  0.000000  0.000000  1.087553
 5575.0  1.161699  0.000000  0.000000  1.161699
 5580.0  1.240066  0.000000  0.000000  1.240066
 5585.0  1.328971  0.000000  0.000000  1.328971
 5590.0  1.381136  0.000000  0.000000  1.381136
 5595.0  1.357655  0.000000  0.000000  1.357655
 5600.0  1.306728  0.000000  0.000000  1.306728
 5605.0  1.282848  0.000000  0.000000  1.282848
 5610.0  1.278596  0.000000  0.000000  1.278596
 5615.0  1.272632  0.000000  0.000000  1.272632
 5620.0  1.249858  0.000000  0.000000  1.249858
 5625.0  1.207298  0.000000  0.000000  1.207298
 5630.0  1.184230  0.000000  0.000000  1.184230
 5635.0  1.211131  0.000000  0.000000  1.211131
 5640.0  1.241009  0.000000  0.000000  1.241009
 5645.0  1.233377  0.000000  0.000000  1.233377
 5650.0  1.251218  0.000000  0.000000  1.251218
 5655.0  1.345625  0.000000  0.000000  1.345625
 5660.0  1.416641  0.000000  0.000000  1.416641
 5665.0  1.373721  0.000000  0.000000  1.373721
 5670.0  1.315013  0.000000  0.000000  1.315013
 5675.0  1.347509  0.000000  0.000000  1.347509
 5680.0  1.424900  0.000000  0.000000  1.424900
 5685.0  1.481512  0.000000  0.000000  1.481512
 5690.0  1.527522  0.000000  0.000000  1.527522
 5695.0  1.581418  0.000000  0.000000  1.581418
 5700.0  1.619080  0.000000  0.000000  1.619080
 5705.0  1.616833  0.000000  0.000000  1.616833
 5710.0  1.595387  0.000000  0.000000  1.595387
 5715.0  1.582345  0.000000  0.000000  1.582345
 5720.0  1.588530  0.000000  0.000000  1.588530
 5725.0  1.616596  0.000000  0.000000  1.616596
 5730.0  1.653317  0.000000  0.000000  1.653317
 5735.0  1.684434  0.000000  0.000000  1.684434
 5740.0  1.707450  0.000000  0.000000  1.707450
 5745.0  1.722823  0.000000  0.000000  1.722823
 5750.0  1.731089  0.000000  0.000000  1.731089
 5755.0  1.732801  0.000000  0.000000  1.732801
 5760.0  1.728513  0.000000  0.000000  1.728513
 5765.0  1.719800  0.000000  0.000000  1.719800
 5770.0  1.712331  0.000000  0.000000  1.712331
 5775.0  1.712795  0.000000  0.000000  1.712795
 5780.0  1.727881  0.000000  0.000000  1.727881
 5785.0  1.761720  0.000000  0.000000  1.761720
 5790.0  1.808204  0.000000  0.000000  1.808204
 5795.0  1.858664  0.000000  0.000000  1.858664
 5800.0  1.904432  0.000000  0.000000  1.904432
 5805.0  1.937508  0.000000  0.000000  1.937508
 5810.0  1.952562  0.000000  0.000000  1.952562
 5815.0  1.944932  0.000000  0.000000  1.944932
 5820.0  1.909957  0.000000  0.000000  1.909957
 5825.0  1.845742  0.000000  0.000000  1.845742
 5830.0  1.761469  0.000000  0.000000  1.761469
 5835.0  1.669086  0.000000  0.000000  1.669086
 5840.0  1.580543  0.000000  0.000000  1.580543
 5845.0  1.504846  0.000000  0.000000  1.504846
 5850.0  1.439237  0.000000  0.000000  1.439237
 5855.0  1.378016  0.000000  0.000000  1.378016
 5860.0  1.315479  0.000000  0.000000  1.315479
 5865.0  1.247452  0.000000  0.000000  1.247452
 5870.0  1.175858  0.000000  0.000000  1.175858
 5875.0  1.104146  0.000000  0.000000  1.104146
 5880.0  1.035765  0.000000  0.000000  1.035765
 5885.0  0.974155  0.000000  0.000000  0.974155
 5890.0  0.922726  0.000000  0.000000  0.922726
 5895.0  0.884877  0.000000  0.000000  0.884877
 5900.0  0.864009  0.000000  0.000000  0.864009
 5905.0  0.862091  0.000000  0.000000  0.862091
 5910.0  0.875362  0.000000  0.000000  0.875362
 5915.0  0.898630  0.000000  0.000000  0.898630
 5920.0  0.926702  0.000000  0.000000  0.926702
 5925.0  0.955683  0.000000  0.000000  0.955683
 5930.0  0.986869  0.000000  0.000000  0.986869
 5935.0  1.022853  0.000000  0.000000  1.022853
 5940.0  1.066229  0.000000  0.000000  1.066229
 5945.0  1.117477  0.000000  0.000000  1.117477
 5950.0  1.168631  0.000000  0.000000  1.168631
 5955.0  1.209612  0.000000  0.000000  1.209612
 5960.0  1.230340  0.000000  0.000000  1.230340
 5965.0  1.224656  0.000000  0.000000  1.224656
 5970.0  1.202081  0.000000  0.000000  1.202081
 5975.0  1.176055  0.000000  0.000000  1.176055
 5980.0  1.160020  0.000000  0.000000  1.160020
 5985.0  1.163991  0.000000  0.000000  1.163991
 5990.0  1.184292  0.000000  0.000000  1.184292
 5995.0  1.213821  0.000000  0.000000  1.213821
 6000.0  1.245477  0.000000  0.000000  1.245477
 6005.0  1.273819  0.000000  0.000000  1.273819
 6010.0  1.300056  0.000000  0.000000  1.300056
 6015.0  1.327058  0.000000  0.000000  1.327058
 6020.0  1.357693  0.000000  0.000000  1.357693
 6025.0  1.394224  0.000000  0.000000  1.394224
 6030.0  1.436489  0.000000  0.000000  1.436489
 6035.0  1.483719  0.000000  0.000000  1.483719
 6040.0  1.535143  0.000000  0.000000  1.535143
 6045.0  1.588778  0.000000  0.000000  1.588778
 6050.0  1.637779  0.000000  0.000000  1.637779
 6055.0  1.674088  0.000000  0.000000  1.674088
 6060.0  1.689647  0.000000  0.000000  1.689647
 6065.0  1.680302  0.000000  0.000000  1.680302
 6070.0  1.657519  0.000000  0.000000  1.657519
 6075.0  1.636668  0.000000  0.000000  1.636668
 6080.0  1.633122  0.000000  0.000000  1.633122
 6085.0  1.657055  0.000000  0.000000  1.657055
 6090.0  1.697857  0.000000  0.000000  1.697857
 6095.0  1.739723  0.000000  0.000000  1.739723
 6100.0  1.766847  0.000000  0.000000  1.766847
 6105.0  1.767004  0.000000  0.000000  1.767004
 6110.0  1.742293  0.000000  0.000000  1.742293
 6115.0  1.698394  0.000000  0.000000  1.698394
 6120.0  1.640987  0.000000  0.000000  1.640987
 6125.0  1.575646  0.000000  0.000000  1.575646
 6130.0  1.507521  0.000000  0.000000  1.507521
 6135.0  1.441656  0.000000  0.000000  1.441656
 6140.0  1.383094  0.000000  0.000000  1.383094
 6145.0  1.335262  0.000000  0.000000  1.335262
 6150.0  1.295116  0.000000  0.000000  1.295116
 6155.0  1.257994  0.000000  0.000000  1.257994
 6160.0  1.219234  0.000000  0.000000  1.219234
 6165.0  1.175796  0.000000  0.000000  1.175796
 6170.0  1.131124  0.000000  0.000000  1.131124
 6175.0  1.090284  0.000000  0.000000  1.090284
 6180.0  1.058342  0.000000  0.000000  1.058342
 6185.0  1.038567  0.000000  0.000000  1.038567
 6190.0  1.027040  0.000000  0.000000  1.027040
 6195.0  1.018047  0.000000  0.000000  1.018047
 6200.0  1.005873  0.000000  0.000000  1.005873
 6205.0  0.986689  0.000000  0.000000  0.986689
 6210.0  0.964214  0.000000  0.000000  0.964214
 6215.0  0.944052  0.000000  0.000000  0.944052
 6220.0  0.931810  0.000000  0.000000  0.931810
 6225.0  0.931488  0.000000  0.000000  0.931488
 6230.0  0.940669  0.000000  0.000000  0.940669
 6235.0  0.955332  0.000000  0.000000  0.955332
 6240.0  0.971455  0.000000  0.000000  0.971455
 6245.0  0.986284  0.000000  0.000000  0.986284
 6250.0  1.002141  0.000000  0.000000  1.002141
 6255.0  1.022611  0.000000  0.000000  1.022611
 6260.0  1.051284  0.000000  0.000000  1.051284
 6265.0  1.090686  0.000000  0.000000  1.090686
 6270.0  1.139100  0.000000  0.000000  1.139100
 6275.0  1.193750  0.000000  0.000000  1.193750
 6280.0  1.251858  0.000000  0.000000  1.251858
 6285.0  1.311035  0.000000  0.000000  1.311035
 6290.0  1.370455  0.000000  0.000000  1.370455
 6295.0  1.429677  0.000000  0.000000  1.429677
 6300.0  1.488263  0.000000  0.000000  1.488263
 6305.0  1.546835  0.000000  0.000000  1.546835
 6310.0  1.610247  0.000000  0.000000  1.610247
 6315.0  1.684418  0.000000  0.000000  1.684418
 6320.0  1.775262  0.000000  0.000000  1.775262
 6325.0  1.885210  0.000000  0.000000  1.885210
 6330.0  2.002754  0.000000  0.000000  2.002754
 6335.0  2.112902  0.000000  0.000000  2.112902
 6340.0  2.200660  0.000000  0.000000  2.200660
 6345.0  2.254766  0.000000  0.000000  2.254766
 6350.0  2.278886  0.000000  0.000000  2.278886
 6355.0  2.280417  0.000000  0.000000  2.280417
 6360.0  2.266758  0.000000  0.000000  2.266758
 6365.0  2.245662  0.000000  0.000000  2.245662
 6370.0  2.226302  0.000000  0.000000  2.226302
 6375.0  2.218208  0.000000  0.000000  2.218208
 6380.0  2.230910  0.000000  0.000000  2.230910
 6385.0  2.270878  0.000000  0.000000  2.270878
 6390.0  2.332348  0.000000  0.000000  2.332348
 6395.0  2.406497  0.000000  0.000000  2.406497
 6400.0  2.484503  0.000000  0.000000  2.484503
 6405.0  2.558894  0.000000  0.000000  2.558894
 6410.0  2.627600  0.000000  0.000000  2.627600
 6415.0  2.689903  0.000000  0.000000  2.689903
 6420.0  2.745083  0.000000  0.000000  2.745083
 6425.0  2.792892  0.000000  0.000000  2.792892
 6430.0  2.834960  0.000000  0.000000  2.834960
 6435.0  2.873385  0.000000  0.000000  2.873385
 6440.0  2.910268  0.000000  0.000000  2.910268
 6445.0  2.947709  0.000000  0.000000  2.947709
 6450.0  2.987813  0.000000  0.000000  2.987813
 6455.0  3.032682  0.000000  0.000000  3.032682
 6460.0  3.084423  0.000000  0.000000  3.084423
 6465.0  3.143533  0.000000  0.000000  3.143533
 6470.0  3.204084  0.000000  0.000000  3.204084
 6475.0  3.258541  0.000000  0.000000  3.258541
 6480.0  3.299368  0.000000  0.000000  3.299368
 6485.0  3.324063  0.000000  0.000000  3.324063
 6490.0  3.350247  0.000000  0.000000  3.350247
 6495.0  3.400576  0.000000  0.000000  3.400576
 6500.0  3.497702  0.000000  0.000000  3.497702
 6505.0  3.654825  0.000000  0.000000  3.654825
 6510.0  3.847324  0.000000  0.000000  3.847324
 6515.0  4.041123  0.000000  0.000000  4.041123
 6520.0  4.202147  0.000000  0.000000  4.202147
 6525.0  4.306103  0.000000  0.000000  4.306103
 6530.0  4.367832  0.000000  0.000000  4.367832
 6535.0  4.411955  0.000000  0.000000  4.411955
 6540.0  4.463097  0.000000  0.000000  4.463097
 6545.0  4.537157  0.000000  0.000000  4.537157
 6550.0  4.615140  0.000000  0.000000  4.615140
 6555.0  4.669331  0.000000  0.000000  4.669331
 6560.0  4.672013  0.000000  0.000000  4.672013
 6565.0  4.603251  0.000000  0.000000  4.603251
 6570.0  4.474233  0.000000  0.000000  4.474233
 6575.0  4.303931  0.000000  0.000000  4.303931
 6580.0  4.111316  0.000000  0.000000  4.111316
 6585.0  3.914553  0.000000  0.000000  3.914553
 6590.0  3.728578  0.000000  0.000000  3.728578
 6595.0  3.567524  0.000000  0.000000  3.567524
 6600.0  3.445522  0.000000  0.000000  3.445522
 6605.0  3.371030  0.000000  0.000000  3.371030
 6610.0  3.329819  0.000000  0.000000  3.329819
 6615.0  3.301986  0.000000  0.000000  3.301986
 6620.0  3.267628  0.000000  0.000000  3.267628
 6625.0  3.211890  0.000000  0.000000  3.211890
 6630.0  3.140106  0.000000  0.000000  3.140106
 6635.0  3.062658  0.000000  0.000000  3.062658
 6640.0  2.989925  0.000000  0.000000  2.989925
 6645.0  2.929366  0.000000  0.000000  2.929366
 6650.0  2.876737  0.000000  0.000000  2.876737
 6655.0  2.824872  0.000000  0.000000  2.824872
 6660.0  2.766605  0.000000  0.000000  2.766605
 6665.0  2.697511  0.000000  0.000000  2.697511
 6670.0  2.624135  0.000000  0.000000  2.624135
 6675.0  2.555763  0.000000  0.000000  2.555763
 6680.0  2.501683  0.000000  0.000000  2.501683
 6685.0  2.468024  0.000000  0.000000  2.468024
 6690.0  2.448287  0.000000  0.000000  2.448287
 6695.0  2.432815  0.000000  0.000000  2.432815
 6700.0  2.411952  0.000000  0.000000  2.411952
 6705.0  2.378946  0.000000  0.000000  2.378946
 6710.0  2.338674  0.000000  0.000000  2.338674
 6715.0  2.298919  0.000000  0.000000  2.298919
 6720.0  2.267462  0.000000  0.000000  2.267462
 6725.0  2.250417  0.000000  0.000000  2.250417
 6730.0  2.247220  0.000000  0.000000  2.247220
 6735.0  2.255636  0.000000  0.000000  2.255636
 6740.0  2.273433  0.000000  0.000000  2.273433
 6745.0  2.298081  0.000000  0.000000  2.298081
 6750.0  2.325869  0.000000  0.000000  2.325869
 6755.0  2.352790  0.000000  0.000000  2.352790
 6760.0  2.374838  0.000000  0.000000  2.374838
 6765.0  2.388737  0.000000  0.000000  2.388737
 6770.0  2.394135  0.000000  0.000000  2.394135
 6775.0  2.391410  0.000000  0.000000  2.391410
 6780.0  2.380940  0.000000  0.000000  2.380940
 6785.0  2.364591  0.000000  0.000000  2.364591
 6790.0  2.350164  0.000000  0.000000  2.350164
 6795.0  2.346948  0.000000  0.000000  2.346948
 6800.0  2.364232  0.000000  0.000000  2.364232
 6805.0  2.407610  0.000000  0.000000  2.407610
 6810.0  2.467906  0.000000  0.000000  2.467906
 6815.0  2.532250  0.000000  0.000000  2.532250
 6820.0  2.587771  0.000000  0.000000  2.587771
 6825.0  2.624934  0.000000  0.000000  2.624934
 6830.0  2.647543  0.000000  0.000000  2.647543
 6835.0  2.662735  0.000000  0.000000  2.662735
 6840.0  2.677648  0.000000  0.000000  2.677648
 6845.0  2.697353  0.000000  0.000000  2.697353
 6850.0  2.718657  0.000000  0.000000  2.718657
 6855.0  2.736301  0.000000  0.000000  2.736301
 6860.0  2.745024  0.000000  0.000000  2.745024
 6865.0  2.742156  0.000000  0.000000  2.742156
 6870.0  2.735386  0.000000  0.000000  2.735386
 6875.0  2.734995  0.000000  0.000000  2.734995
 6880.0  2.751261  0.000000  0.000000  2.751261
 6885.0  2.791888  0.000000  0.000000  2.791888
 6890.0  2.854281  0.000000  0.000000  2.854281
 6895.0  2.933270  0.000000  0.000000  2.933270
 6900.0  3.023682  0.000000  0.000000  3.023682
 6905.0  3.121201  0.000000  0.000000  3.121201
 6910.0  3.224918  0.000000  0.000000  3.224918
 6915.0  3.334777  0.000000  0.000000  3.334777
 6920.0  3.450720  0.000000  0.000000  3.450720
 6925.0  3.572048  0.000000  0.000000  3.572048
 6930.0  3.695478  0.000000  0.000000  3.695478
 6935.0  3.817083  0.000000  0.000000  3.817083
 6940.0  3.932937  0.000000  0.000000  3.932937
 6945.0  4.039792  0.000000  0.000000  4.039792
 6950.0  4.137123  0.000000  0.000000  4.137123
 6955.0  4.225085  0.000000  0.000000  4.225085
 6960.0  4.303830  0.000000  0.000000  4.303830
 6965.0  4.374285  0.000000  0.000000  4.374285
 6970.0  4.440457  0.000000  0.000000  4.440457
 6975.0  4.507127  0.000000  0.000000  4.507127
 6980.0  4.579073  0.000000  0.000000  4.579073
 6985.0  4.660223  0.000000  0.000000  4.660223
 6990.0  4.751106  0.000000  0.000000  4.751106
 6995.0  4.851398  0.000000  0.000000  4.851398
 7000.0  4.960773  0.000000  0.000000  4.960773
 7005.0  5.080431  0.000000  0.000000  5.080431
 7010.0  5.217652  0.000000  0.000000  5.217652
 7015.0  5.381240  0.000000  0.000000  5.381240
 7020.0  5.579997  0.000000  0.000000  5.579997
 7025.0  5.812958  0.000000  0.000000  5.812958
 7030.0  6.040091  0.000000  0.000000  6.040091
 7035.0  6.211594  0.000000  0.000000  6.211594
 7040.0  6.277668  0.000000  0.000000  6.277668
 7045.0  6.201794  0.000000  0.000000  6.201794
 7050.0  6.000586  0.000000  0.000000  6.000586
 7055.0  5.703940  0.000000  0.000000  5.703940
 7060.0  5.341752  0.000000  0.000000  5.341752
 7065.0  4.945206  0.000000  0.000000  4.945206
 7070.0  4.550641  0.000000  0.000000  4.550641
 7075.0  4.195685  0.000000  0.000000  4.195685
 7080.0  3.917965  0.000000  0.000000  3.917965
 7085.0  3.743571  0.000000  0.000000  3.743571
 7090.0  3.652445  0.000000  0.000000  3.652445
 7095.0  3.612990  0.000000  0.000000  3.612990
 7100.0  3.593610  0.000000  0.000000  3.593610
 7105.0  3.568182  0.000000  0.000000  3.568182
 7110.0  3.532471  0.000000  0.000000  3.532471
 7115.0  3.487714  0.000000  0.000000  3.487714
 7120.0  3.435149  0.000000  0.000000  3.435149
 7125.0  3.377361  0.000000  0.000000  3.377361
 7130.0  3.322328  0.000000  0.000000  3.322328
 7135.0  3.279372  0.000000  0.000000  3.279372
 7140.0  3.257817  0.000000  0.000000  3.257817
 7145.0  3.264814  0.000000  0.000000  3.264814
 7150.0  3.298811  0.000000  0.000000  3.298811
 7155.0  3.356084  0.000000  0.000000  3.356084
 7160.0  3.432907  0.000000  0.000000  3.432907
 7165.0  3.524889  0.000000  0.000000  3.524889
 7170.0  3.624973  0.000000  0.000000  3.624973
 7175.0  3.725433  0.000000  0.000000  3.725433
 7180.0  3.818548  0.000000  0.000000  3.818548
 7185.0  3.898140  0.000000  0.000000  3.898140
 7190.0  3.964231  0.000000  0.000000  3.964231
 7195.0  4.018389  0.000000  0.000000  4.018389
 7200.0  4.062182  0.000000  0.000000  4.062182
 7205.0  4.099801  0.000000  0.000000  4.099801
 7210.0  4.145922  0.000000  0.000000  4.145922
 7215.0  4.217843  0.000000  0.000000  4.217843
 7220.0  4.332861  0.000000  0.000000  4.332861
 7225.0  4.502201  0.000000  0.000000  4.502201
 7230.0  4.712793  0.000000  0.000000  4.712793
 7235.0  4.945493  0.000000  0.000000  4.945493
 7240.0  5.181158  0.000000  0.000000  5.181158
 7245.0  5.404691  0.000000  0.000000  5.404691
 7250.0  5.617184  0.000000  0.000000  5.617184
 7255.0  5.823779  0.000000  0.000000  5.823779
 7260.0  6.029614  0.000000  0.000000  6.029614
 7265.0  6.238811  0.000000  0.000000  6.238811
 7270.0  6.451414  0.000000  0.000000  6.451414
 7275.0  6.666448  0.000000  0.000000  6.666448
 7280.0  6.882938  0.000000  0.000000  6.882938
 7285.0  7.101022  0.000000  0.000000  7.101022
 7290.0  7.325277  0.000000  0.000000  7.325277
 7295.0  7.561396  0.000000  0.000000  7.561396
 7300.0  7.815069  0.000000  0.000000  7.815069
 7305.0  8.088084  0.000000  0.000000  8.088084
 7310.0  8.366619  0.000000  0.000000  8.366619
 7315.0  8.632945  0.000000  0.000000  8.632945
 7320.0  8.869336  0.000000  0.000000  8.869336
 7325.0  9.064810  0.000000  0.000000  9.064810
 7330.0  9.235348  0.000000  0.000000  9.235348
 7335.0  9.403676  0.000000  0.000000  9.403676
 7340.0  9.592522  0.000000  0.000000  9.592522
 7345.0  9.817911  0.000000  0.000000  9.817911
 7350.0 10.069088  0.000000  0.000000 10.069088
 7355.0 10.328597  0.000000  0.000000 10.328597
 7360.0 10.578981  0.000000  0.000000 10.578981
 7365.0 10.805168  0.000000  0.000000 10.805168
 7370.0 11.001606  0.000000  0.000000 11.001606
 7375.0 11.165121  0.000000  0.000000 11.165121
 7380.0 11.292543  0.000000  0.000000 11.292543
 7385.0 11.384285  0.000000  0.000000 11.384285
 7390.0 11.455093  0.000000  0.000000 11.455093
 7395.0 11.523304  0.000000  0.000000 11.523304
 7400.0 11.607249  0.000000  0.000000 11.607249
 7405.0 11.718715  0.000000  0.000000 11.718715
 7410.0 11.843299  0.000000  0.000000 11.843299
 7415.0 11.960054  0.000000  0.000000 11.960054
 7420.0 12.048033  0.000000  0.000000 12.048033
 7425.0 12.093426  0.000000  0.000000 12.093426
 7430.0 12.110988  0.000000  0.000000 12.110988
 7435.0 12.122616  0.000000  0.000000 12.122616
 7440.0 12.150203  0.000000  0.000000 12.150203
 7445.0 12.210994  0.000000  0.000000 12.210994
 7450.0 12.303631  0.000000  0.000000 12.303631
 7455.0 12.422102  0.000000  0.000000 12.422102
 7460.0 12.560398  0.000000  0.000000 12.560398
 7465.0 12.712266  0.000000  0.000000 12.712266
 7470.0 12.870487  0.000000  0.000000 12.870487
 7475.0 13.027598  0.000000  0.000000 13.027598
 7480.0 13.176138  0.000000  0.000000 13.176138
 7485.0 13.310563  0.000000  0.000000 13.310563
 7490.0 13.433019  0.000000  0.000000 13.433019
 7495.0 13.547565  0.000000  0.000000 13.547565
 7500.0 13.658261  0.000000  0.000000 13.658261
 7505.0 13.767762  0.000000  0.000000 13.767762
 7510.0 13.873063  0.000000  0.000000 13.873063
 7515.0 13.969750  0.000000  0.000000 13.969750
 7520.0 14.053412  0.000000  0.000000 14.053412
 7525.0 14.120348  0.000000  0.000000 14.120348
 7530.0 14.169718  0.000000  0.000000 14.169718
 7535.0 14.201397  0.000000  0.000000 14.201397
 7540.0 14.215262  0.000000  0.000000 14.215262
 7545.0 14.215988  0.000000  0.000000 14.215988
 7550.0 14.227446  0.000000  0.000000 14.227446
 7555.0 14.278307  0.000000  0.000000 14.278307
 7560.0 14.397243  0.000000  0.000000 14.397243
 7565.0 14.596468  0.000000  0.000000 14.596468
 7570.0 14.822375  0.000000  0.000000 14.822375
 7575.0 15.004897  0.000000  0.000000 15.004897
 7580.0 15.073970  0.000000  0.000000 15.073970
 7585.0 14.982692  0.000000  0.000000 14.982692
 7590.0 14.776820  0.000000  0.000000 14.776820
 7595.0 14.525273  0.000000  0.000000 14.525273
 7600.0 14.296971  0.000000  0.000000 14.296971
 7605.0 14.137240  0.000000  0.000000 14.137240
 7610.0 13.997022  0.000000  0.000000 13.997022
 7615.0 13.803668  0.000000  0.000000 13.803668
 7620.0 13.484528  0.000000  0.000000 13.484528
 7625.0 12.987693  0.000000  0.000000 12.987693
 7630.0 12.344235  0.000000  0.000000 12.344235
 7635.0 11.605973  0.000000  0.000000 11.605973
 7640.0 10.824719  0.000000  0.000000 10.824719
 7645.0 10.045486  0.000000  0.000000 10.045486
 7650.0  9.286053  0.000000  0.000000  9.286053
 7655.0  8.557397  0.000000  0.000000  8.557397
 7660.0  7.870494  0.000000  0.000000  7.870494
 7665.0  7.240919  0.000000  0.000000  7.240919
 7670.0  6.702653  0.000000  0.000000  6.702653
 7675.0  6.294280  0.000000  0.000000  6.294280
 7680.0  6.054381  0.000000  0.000000  6.054381
 7685.0  6.005925  0.000000  0.000000  6.005925
 7690.0  6.109428  0.000000  0.000000  6.109428
 7695.0  6.309789  0.000000  0.000000  6.309789
 7700.0  6.551911  0.000000  0.000000  6.551911
 7705.0  6.791101  0.000000  0.000000  6.791101
 7710.0  7.024297  0.000000  0.000000  7.024297
 7715.0  7.258842  0.000000  0.000000  7.258842
 7720.0  7.502082  0.000000  0.000000  7.502082
 7725.0  7.755476  0.000000  0.000000  7.755476
 7730.0  7.996954  0.000000  0.000000  7.996954
 7735.0  8.198559  0.000000  0.000000  8.198559
 7740.0  8.332336  0.000000  0.000000  8.332336
 7745.0  8.380961  0.000000  0.000000  8.380961
 7750.0  8.369626  0.000000  0.000000  8.369626
 7755.0  8.334151  0.000000  0.000000  8.334151
 7760.0  8.310357  0.000000  0.000000  8.310357
 7765.0  8.326635  0.000000  0.000000  8.326635
 7770.0  8.381654  0.000000  0.000000  8.381654
 7775.0  8.466652  0.000000  0.000000  8.466652
 7780.0  8.572867  0.000000  0.000000  8.572867
 7785.0  8.693340  0.000000  0.000000  8.693340
 7790.0  8.828321  0.000000  0.000000  8.828321
 7795.0  8.979856  0.000000  0.000000  8.979856
 7800.0  9.150002  0.000000  0.000000  9.150002
 7805.0  9.337478  0.000000  0.000000  9.337478
 7810.0  9.527696  0.000000  0.000000  9.527696
 7815.0  9.702744  0.000000  0.000000  9.702744
 7820.0  9.844701  0.000000  0.000000  9.844701
 7825.0  9.941676  0.000000  0.000000  9.941676
 7830.0 10.005862  0.000000  0.000000 10.005862
 7835.0 10.055474  0.000000  0.000000 10.055474
 7840.0 10.108727  0.000000  0.000000 10.108727
 7845.0 10.181193  0.000000  0.000000 10.181193
 7850.0 10.277884  0.000000  0.000000 10.277884
 7855.0 10.401170  0.000000  0.000000 10.401170
 7860.0 10.553419  0.000000  0.000000 10.553419
 7865.0 10.732054  0.000000  0.000000 10.732054
 7870.0 10.914703  0.000000  0.000000 10.914703
 7875.0 11.074053  0.000000  0.000000 11.074053
 7880.0 11.182784  0.000000  0.000000 11.182784
 7885.0 11.223502  0.000000  0.000000 11.223502
 7890.0 11.218504  0.000000  0.000000 11.218504
 7895.0 11.200006  0.000000  0.000000 11.200006
 7900.0 11.200230  0.000000  0.000000 11.200230
 7905.0 11.243149  0.000000  0.000000 11.243149
 7910.0 11.319768  0.000000  0.000000 11.319768
 7915.0 11.412848  0.000000  0.000000 11.412848
 7920.0 11.505153  0.000000  0.000000 11.505153
 7925.0 11.584001  0.000000  0.000000 11.584001
 7930.0 11.654941  0.000000  0.000000 11.654941
 7935.0 11.728080  0.000000  0.000000 11.728080
 7940.0 11.813523  0.000000  0.000000 11.813523
 7945.0 11.919764  0.000000  0.000000 11.919764
 7950.0 12.048825  0.000000  0.000000 12.048825
 7955.0 12.201121  0.000000  0.000000 12.201121
 7960.0 12.377063  0.000000  0.000000 12.377063
 7965.0 12.575282  0.000000  0.000000 12.575282
 7970.0 12.787301  0.000000  0.000000 12.787301
 7975.0 13.002860  0.000000  0.000000 13.002860
 7980.0 13.211703  0.000000  0.000000 13.211703
 7985.0 13.405941  0.000000  0.000000 13.405941
 7990.0 13.587156  0.000000  0.000000 13.587156
 7995.0 13.759304  0.000000  0.000000 13.759304
 8000.0 13.926336  0.000000  0.000000 13.926336
 8005.0 14.092688  0.000000  0.000000 14.092688
 8010.0 14.264728  0.000000  0.000000 14.264728
 8015.0 14.449304  0.000000  0.000000 14.449304
 8020.0 14.653268  0.000000  0.000000 14.653268
 8025.0 14.881361  0.000000  0.000000 14.881361
 8030.0 15.129890  0.000000  0.000000 15.129890
 8035.0 15.393057  0.000000  0.000000 15.393057
 8040.0 15.665061  0.000000  0.000000 15.665061
 8045.0 15.940192  0.000000  0.000000 15.940192
 8050.0 16.213106  0.000000  0.000000 16.213106
 8055.0 16.478548  0.000000  0.000000 16.478548
 8060.0 16.731266  0.000000  0.000000 16.731266
 8065.0 16.967718  0.000000  0.000000 16.967718
 8070.0 17.191227  0.000000  0.000000 17.191227
 8075.0 17.406824  0.000000  0.000000 17.406824
 8080.0 17.619545  0.000000  0.000000 17.619545
 8085.0 17.833244  0.000000  0.000000 17.833244
 8090.0 18.047060  0.000000  0.000000 18.047060
 8095.0 18.258945  0.000000  0.000000 18.258945
 8100.0 18.466864  0.000000  0.000000 18.466864
 8105.0 18.670336  0.000000  0.000000 18.670336
 8110.0 18.875166  0.000000  0.000000 18.875166
 8115.0 19.088718  0.000000  0.000000 19.088718
 8120.0 19.318365  0.000000  0.000000 19.318365
 8125.0 19.562998  0.000000  0.000000 19.562998
 8130.0 19.787615  0.000000  0.000000 19.787615
 8135.0 19.948738  0.000000  0.000000 19.948738
 8140.0 20.002886  0.000000  0.000000 20.002886
 8145.0 19.919458  0.000000  0.000000 19.919458
 8150.0 19.719355  0.000000  0.000000 19.719355
 8155.0 19.436348  0.000000  0.000000 19.436348
 8160.0 19.104214  0.000000  0.000000 19.104214
 8165.0 18.752365  0.000000  0.000000 18.752365
 8170.0 18.392771  0.000000  0.000000 18.392771
 8175.0 18.033037  0.000000  0.000000 18.033037
 8180.0 17.680773  0.000000  0.000000 17.680773
 8185.0 17.355541  0.000000  0.000000 17.355541
 8190.0 17.124725  0.000000  0.000000 17.124725
 8195.0 17.067669  0.000000  0.000000 17.067669
 8200.0 17.263716  0.000000  0.000000 17.263716
 8205.0 17.752550  0.000000  0.000000 17.752550
 8210.0 18.415243  0.000000  0.000000 18.415243
 8215.0 19.093208  0.000000  0.000000 19.093208
 8220.0 19.627855  0.000000  0.000000 19.627855
 8225.0 19.906250  0.000000  0.000000 19.906250
 8230.0 19.998041  0.000000  0.000000 19.998041
 8235.0 20.018522  0.000000  0.000000 20.018522
 8240.0 20.082994  0.000000  0.000000 20.082994
 8245.0 20.271473  0.000000  0.000000 20.271473
 8250.0 20.522860  0.000000  0.000000 20.522860
 8255.0 20.740778  0.000000  0.000000 20.740778
 8260.0 20.828856  0.000000  0.000000 20.828856
 8265.0 20.717012  0.000000  0.000000 20.717012
 8270.0 20.440367  0.000000  0.000000 20.440367
 8275.0 20.060343  0.000000  0.000000 20.060343
 8280.0 19.638357  0.000000  0.000000 19.638357
 8285.0 19.230186  0.000000  0.000000 19.230186
 8290.0 18.869049  0.000000  0.000000 18.869049
 8295.0 18.582508  0.000000  0.000000 18.582508
 8300.0 18.398134  0.000000  0.000000 18.398134
 8305.0 18.330959  0.000000  0.000000 18.330959
 8310.0 18.345846  0.000000  0.000000 18.345846
 8315.0 18.395113  0.000000  0.000000 18.395113
 8320.0 18.431086  0.000000  0.000000 18.431086
 8325.0 18.418774  0.000000  0.000000 18.418774
 8330.0 18.373940  0.000000  0.000000 18.373940
 8335.0 18.325045  0.000000  0.000000 18.325045
 8340.0 18.300543  0.000000  0.000000 18.300543
 8345.0 18.321041  0.000000  0.000000 18.321041
 8350.0 18.375771  0.000000  0.000000 18.375771
 8355.0 18.446106  0.000000  0.000000 18.446106
 8360.0 18.513432  0.000000  0.000000 18.513432
 8365.0 18.564684  0.000000  0.000000 18.564684
 8370.0 18.609045  0.000000  0.000000 18.609045
 8375.0 18.661251  0.000000  0.000000 18.661251
 8380.0 18.736040  0.000000  0.000000 18.736040
 8385.0 18.840647  0.000000  0.000000 18.840647
 8390.0 18.952269  0.000000  0.000000 18.952269
 8395.0 19.040594  0.000000  0.000000 19.040594
 8400.0 19.075319  0.000000  0.000000 19.075319
 8405.0 19.030678  0.000000  0.000000 19.030678
 8410.0 18.899103  0.000000  0.000000 18.899103
 8415.0 18.677563  0.000000  0.000000 18.677563
 8420.0 18.363033  0.000000  0.000000 18.363033
 8425.0 17.957535  0.000000  0.000000 17.957535
 8430.0 17.483255  0.000000  0.000000 17.483255
 8435.0 16.967432  0.000000  0.000000 16.967432
 8440.0 16.437300  0.000000  0.000000 16.437300
 8445.0 15.918788  0.000000  0.000000 15.918788
 8450.0 15.432635  0.000000  0.000000 15.432635
 8455.0 14.998271  0.000000  0.000000 14.998271
 8460.0 14.635133  0.000000  0.000000 14.635133
 8465.0 14.363238  0.000000  0.000000 14.363238
 8470.0 14.204948  0.000000  0.000000 14.204948
 8475.0 14.183213  0.000000  0.000000 14.183213
 8480.0 14.320979  0.000000  0.000000 14.320979
 8485.0 14.617597  0.000000  0.000000 14.617597
 8490.0 14.978030  0.000000  0.000000 14.978030
 8495.0 15.283646  0.000000  0.000000 15.283646
 8500.0 15.415807  0.000000  0.000000 15.415807
 8505.0 15.301270  0.000000  0.000000 15.301270
 8510.0 15.048336  0.000000  0.000000 15.048336
 8515.0 14.810696  0.000000  0.000000 14.810696
 8520.0 14.742038  0.000000  0.000000 14.742038
 8525.0 14.949298  0.000000  0.000000 14.949298
 8530.0 15.352401  0.000000  0.000000 15.352401
 8535.0 15.824515  0.000000  0.000000 15.824515
 8540.0 16.238810  0.000000  0.000000 16.238810
 8545.0 16.499357  0.000000  0.000000 16.499357
 8550.0 16.633831  0.000000  0.000000 16.633831
 8555.0 16.700815  0.000000  0.000000 16.700815
 8560.0 16.758888  0.000000  0.000000 16.758888
 8565.0 16.854488  0.000000  0.000000 16.854488
 8570.0 16.985500  0.000000  0.000000 16.985500
 8575.0 17.137674  0.000000  0.000000 17.137674
 8580.0 17.296757  0.000000  0.000000 17.296757
 8585.0 17.451490  0.000000  0.000000 17.451490
 8590.0 17.602610  0.000000  0.000000 17.602610
 8595.0 17.753841  0.000000  0.000000 17.753841
 8600.0 17.908916  0.000000  0.000000 17.908916
 8605.0 18.067814  0.000000  0.000000 18.067814
 8610.0 18.215509  0.000000  0.000000 18.215509
 8615.0 18.333233  0.000000  0.000000 18.333233
 8620.0 18.402214  0.000000  0.000000 18.402214
 8625.0 18.413807  0.000000  0.000000 18.413807
 8630.0 18.399868  0.000000  0.000000 18.399868
 8635.0 18.402384  0.000000  0.000000 18.402384
 8640.0 18.463341  0.000000  0.000000 18.463341
 8645.0 18.606951  0.000000  0.000000 18.606951
 8650.0 18.786346  0.000000  0.000000 18.786346
 8655.0 18.936886  0.000000  0.000000 18.936886
 8660.0 18.993935  0.000000  0.000000 18.993935
 8665.0 18.913410  0.000000  0.000000 18.913410
 8670.0 18.733479  0.000000  0.000000 18.733479
 8675.0 18.512859  0.000000  0.000000 18.512859
 8680.0 18.310280  0.000000  0.000000 18.310280
 8685.0 18.169960  0.000000  0.000000 18.169960
 8690.0 18.078112  0.000000  0.000000 18.078112
 8695.0 18.006447  0.000000  0.000000 18.006447
 8700.0 17.926674  0.000000  0.000000 17.926674
 8705.0 17.824743  0.000000  0.000000 17.824743
 8710.0 17.743574  0.000000  0.000000 17.743574
 8715.0 17.740322  0.000000  0.000000 17.740322
 8720.0 17.872141  0.000000  0.000000 17.872141
 8725.0 18.173042  0.000000  0.000000 18.173042
 8730.0 18.584435  0.000000  0.000000 18.584435
 8735.0 19.024582  0.000000  0.000000 19.024582
 8740.0 19.411749  0.000000  0.000000 19.411749
 8745.0 19.681923  0.000000  0.000000 19.681923
 8750.0 19.842016  0.000000  0.000000 19.842016
 8755.0 19.916658  0.000000  0.000000 19.916658
 8760.0 19.930483  0.000000  0.000000 19.930483
 8765.0 19.912333  0.000000  0.000000 19.912333
 8770.0 19.907852  0.000000  0.000000 19.907852
 8775.0 19.966896  0.000000  0.000000 19.966896
 8780.0 20.139317  0.000000  0.000000 20.139317
 8785.0 20.450642  0.000000  0.000000 20.450642
 8790.0 20.829117  0.000000  0.000000 20.829117
 8795.0 21.178661  0.000000  0.000000 21.178661
 8800.0 21.403196  0.000000  0.000000 21.403196
 8805.0 21.434750  0.000000  0.000000 21.434750
 8810.0 21.317772  0.000000  0.000000 21.317772
 8815.0 21.124826  0.000000  0.000000 21.124826
 8820.0 20.928471  0.000000  0.000000 20.928471
 8825.0 20.788237  0.000000  0.000000 20.788237
 8830.0 20.711554  0.000000  0.000000 20.711554
 8835.0 20.692820  0.000000  0.000000 20.692820
 8840.0 20.726433  0.000000  0.000000 20.726433
 8845.0 20.796221  0.000000  0.000000 20.796221
 8850.0 20.843700  0.000000  0.000000 20.843700
 8855.0 20.799820  0.000000  0.000000 20.799820
 8860.0 20.595526  0.000000  0.000000 20.595526
 8865.0 20.194353  0.000000  0.000000 20.194353
 8870.0 19.690214  0.000000  0.000000 19.690214
 8875.0 19.209606  0.000000  0.000000 19.209606
 8880.0 18.879030  0.000000  0.000000 18.879030
 8885.0 18.792034  0.000000  0.000000 18.792034
 8890.0 18.910347  0.000000  0.000000 18.910347
 8895.0 19.162741  0.000000  0.000000 19.162741
 8900.0 19.477991  0.000000  0.000000 19.477991
 8905.0 19.794296  0.000000  0.000000 19.794296
 8910.0 20.087559  0.000000  0.000000 20.087559
 8915.0 20.343109  0.000000  0.000000 20.343109
 8920.0 20.546274  0.000000  0.000000 20.546274
 8925.0 20.686192  0.000000  0.000000 20.686192
 8930.0 20.767227  0.000000  0.000000 20.767227
 8935.0 20.797564  0.000000  0.000000 20.797564
 8940.0 20.785376  0.000000  0.000000 20.785376
 8945.0 20.745020  0.000000  0.000000 20.745020
 8950.0 20.715580  0.000000  0.000000 20.715580
 8955.0 20.742315  0.000000  0.000000 20.742315
 8960.0 20.870487  0.000000  0.000000 20.870487
 8965.0 21.124933  0.000000  0.000000 21.124933
 8970.0 21.448818  0.000000  0.000000 21.448818
 8975.0 21.764879  0.000000  0.000000 21.764879
 8980.0 21.995857  0.000000  0.000000 21.995857
 8985.0 22.088398  0.000000  0.000000 22.088398
 8990.0 22.084770  0.000000  0.000000 22.084770
 8995.0 22.051147  0.000000  0.000000 22.051147
 9000.0 22.053698  0.000000  0.000000 22.053698
 9005.0 22.143963  0.000000  0.000000 22.143963
 9010.0 22.314949  0.000000  0.000000 22.314949
 9015.0 22.545027  0.000000  0.000000 22.545027
 9020.0 22.812574  0.000000  0.000000 22.812574
 9025.0 23.092693  0.000000  0.000000 23.092693
 9030.0 23.347435  0.000000  0.000000 23.347435
 9035.0 23.535578  0.000000  0.000000 23.535578
 9040.0 23.615902  0.000000  0.000000 23.615902
 9045.0 23.561558  0.000000  0.000000 23.561558
 9050.0 23.403172  0.000000  0.000000 23.403172
 9055.0 23.185741  0.000000  0.000000 23.185741
 9060.0 22.954260  0.000000  0.000000 22.954260
 9065.0 22.749020  0.000000  0.000000 22.749020
 9070.0 22.591492  0.000000  0.000000 22.591492
 9075.0 22.498440  0.000000  0.000000 22.498440
 9080.0 22.486622  0.000000  0.000000 22.486622
 9085.0 22.566746  0.000000  0.000000 22.566746
 9090.0 22.725262  0.000000  0.000000 22.725262
 9095.0 22.942566  0.000000  0.000000 22.942566
 9100.0 23.199043  0.000000  0.000000 23.199043
 9105.0 23.471043  0.000000  0.000000 23.471043
 9110.0 23.718723  0.000000  0.000000 23.718723
 9115.0 23.898199  0.000000  0.000000 23.898199
 9120.0 23.965578  0.000000  0.000000 23.965578
 9125.0 23.896782  0.000000  0.000000 23.896782
 9130.0 23.746952  0.000000  0.000000 23.746952
 9135.0 23.591042  0.000000  0.000000 23.591042
 9140.0 23.504004  0.000000  0.000000 23.504004
 9145.0 23.541464  0.000000  0.000000 23.541464
 9150.0 23.681768  0.000000  0.000000 23.681768
 9155.0 23.883932  0.000000  0.000000 23.883932
 9160.0 24.106974  0.000000  0.000000 24.106974
 9165.0 24.317268  0.000000  0.000000 24.317268
 9170.0 24.510599  0.000000  0.000000 24.510599
 9175.0 24.690098  0.000000  0.000000 24.690098
 9180.0 24.858908  0.000000  0.000000 24.858908
 9185.0 25.019617  0.000000  0.000000 25.019617
 9190.0 25.172659  0.000000  0.000000 25.172659
 9195.0 25.317917  0.000000  0.000000 25.317917
 9200.0 25.455278  0.000000  0.000000 25.455278
 9205.0 25.577753  0.000000  0.000000 25.577753
 9210.0 25.650829  0.000000  0.000000 25.650829
 9215.0 25.633121  0.000000  0.000000 25.633121
 9220.0 25.483244  0.000000  0.000000 25.483244
 9225.0 25.177528  0.000000  0.000000 25.177528
 9230.0 24.763186  0.000000  0.000000 24.763186
 9235.0 24.305155  0.000000  0.000000 24.305155
 9240.0 23.868366  0.000000  0.000000 23.868366
 9245.0 23.514021  0.000000  0.000000 23.514021
 9250.0 23.288376  0.000000  0.000000 23.288376
 9255.0 23.233952  0.000000  0.000000 23.233952
 9260.0 23.393274  0.000000  0.000000 23.393274
 9265.0 23.778755  0.000000  0.000000 23.778755
 9270.0 24.282362  0.000000  0.000000 24.282362
 9275.0 24.765959  0.000000  0.000000 24.765959
 9280.0 25.091412  0.000000  0.000000 25.091412
 9285.0 25.160059  0.000000  0.000000 25.160059
 9290.0 25.031183  0.000000  0.000000 25.031183
 9295.0 24.803534  0.000000  0.000000 24.803534
 9300.0 24.575869  0.000000  0.000000 24.575869
 9305.0 24.435467  0.000000  0.000000 24.435467
 9310.0 24.423683  0.000000  0.000000 24.423683
 9315.0 24.570400  0.000000  0.000000 24.570400
 9320.0 24.905495  0.000000  0.000000 24.905495
 9325.0 25.424612  0.000000  0.000000 25.424612
 9330.0 25.986462  0.000000  0.000000 25.986462
 9335.0 26.415520  0.000000  0.000000 26.415520
 9340.0 26.536268  0.000000  0.000000 26.536268
 9345.0 26.233269  0.000000  0.000000 26.233269
 9350.0 25.631449  0.000000  0.000000 25.631449
 9355.0 24.915817  0.000000  0.000000 24.915817
 9360.0 24.271389  0.000000  0.000000 24.271389
 9365.0 23.847597  0.000000  0.000000 23.847597
 9370.0 23.651594  0.000000  0.000000 23.651594
 9375.0 23.654943  0.000000  0.000000 23.654943
 9380.0 23.829212  0.000000  0.000000 23.829212
 9385.0 24.132681  0.000000  0.000000 24.132681
 9390.0 24.470434  0.000000  0.000000 24.470434
 9395.0 24.734264  0.000000  0.000000 24.734264
 9400.0 24.815966  0.000000  0.000000 24.815966
 9405.0 24.649620  0.000000  0.000000 24.649620
 9410.0 24.338467  0.000000  0.000000 24.338467
 9415.0 24.028023  0.000000  0.000000 24.028023
 9420.0 23.863827  0.000000  0.000000 23.863827
 9425.0 23.945297  0.000000  0.000000 23.945297
 9430.0 24.187471  0.000000  0.000000 24.187471
 9435.0 24.459280  0.000000  0.000000 24.459280
 9440.0 24.629662  0.000000  0.000000 24.629662
 9445.0 24.609369  0.000000  0.000000 24.609369
 9450.0 24.476433  0.000000  0.000000 24.476433
 9455.0 24.350712  0.000000  0.000000 24.350712
 9460.0 24.352055  0.000000  0.000000 24.352055
 9465.0 24.557964  0.000000  0.000000 24.557964
 9470.0 24.876522  0.000000  0.000000 24.876522
 9475.0 25.173456  0.000000  0.000000 25.173456
 9480.0 25.314499  0.000000  0.000000 25.314499
 9485.0 25.210968  0.000000  0.000000 25.210968
 9490.0 24.956545  0.000000  0.000000 24.956545
 9495.0 24.690504  0.000000  0.000000 24.690504
 9500.0 24.552122  0.000000  0.000000 24.552122
 9505.0 24.640959  0.000000  0.000000 24.640959
 9510.0 24.897734  0.000000  0.000000 24.897734
 9515.0 25.223454  0.000000  0.000000 25.223454
 9520.0 25.519121  0.000000  0.000000 25.519121
 9525.0 25.709587  0.000000  0.000000 25.709587
 9530.0 25.815071  0.000000  0.000000 25.815071
 9535.0 25.879631  0.000000  0.000000 25.879631
 9540.0 25.947329  0.000000  0.000000 25.947329
 9545.0 26.049002  0.000000  0.000000 26.049002
 9550.0 26.162596  0.000000  0.000000 26.162596
 9555.0 26.252838  0.000000  0.000000 26.252838
 9560.0 26.284452  0.000000  0.000000 26.284452
 9565.0 26.234083  0.000000  0.000000 26.234083
 9570.0 26.126062  0.000000  0.000000 26.126062
 9575.0 25.996635  0.000000  0.000000 25.996635
 9580.0 25.882057  0.000000  0.000000 25.882057
 9585.0 25.809483  0.000000  0.000000 25.809483
 9590.0 25.769680  0.000000  0.000000 25.769680
 9595.0 25.744329  0.000000  0.000000 25.744329
 9600.0 25.715107  0.000000  0.000000 25.715107
 9605.0 25.670959  0.000000  0.000000 25.670959
 9610.0 25.629898  0.000000  0.000000 25.629898
 9615.0 25.617218  0.000000  0.000000 25.617218
 9620.0 25.658195  0.000000  0.000000 25.658195
 9625.0 25.766296  0.000000  0.000000 25.766296
 9630.0 25.907667  0.000000  0.000000 25.907667
 9635.0 26.036631  0.000000  0.000000 26.036631
 9640.0 26.107512  0.000000  0.000000 26.107512
 9645.0 26.093763  0.000000  0.000000 26.093763
 9650.0 26.045357  0.000000  0.000000 26.045357
 9655.0 26.031401  0.000000  0.000000 26.031401
 9660.0 26.120991  0.000000  0.000000 26.120991
 9665.0 26.351618  0.000000  0.000000 26.351618
 9670.0 26.634298  0.000000  0.000000 26.634298
 9675.0 26.848427  0.000000  0.000000 26.848427
 9680.0 26.873400  0.000000  0.000000 26.873400
 9685.0 26.637793  0.000000  0.000000 26.637793
 9690.0 26.266863  0.000000  0.000000 26.266863
 9695.0 25.935043  0.000000  0.000000 25.935043
 9700.0 25.816765  0.000000  0.000000 25.816765
 9705.0 26.028341  0.000000  0.000000 26.028341
 9710.0 26.453611  0.000000  0.000000 26.453611
 9715.0 26.918297  0.000000  0.000000 26.918297
 9720.0 27.248116  0.000000  0.000000 27.248116
 9725.0 27.315741  0.000000  0.000000 27.315741
 9730.0 27.181650  0.000000  0.000000 27.181650
 9735.0 26.953274  0.000000  0.000000 26.953274
 9740.0 26.738045  0.000000  0.000000 26.738045
 9745.0 26.620333  0.000000  0.000000 26.620333
 9750.0 26.592279  0.000000  0.000000 26.592279
 9755.0 26.622961  0.000000  0.000000 26.622961
 9760.0 26.681463  0.000000  0.000000 26.681463
 9765.0 26.741003  0.000000  0.000000 26.741003
 9770.0 26.791359  0.000000  0.000000 26.791359
 9775.0 26.826450  0.000000  0.000000 26.826450
 9780.0 26.840191  0.000000  0.000000 26.840191
 9785.0 26.832718  0.000000  0.000000 26.832718
 9790.0 26.829050  0.000000  0.000000 26.829050
 9795.0 26.860418  0.000000  0.000000 26.860418
 9800.0 26.958061  0.000000  0.000000 26.958061
 9805.0 27.139156  0.000000  0.000000 27.139156
 9810.0 27.364658  0.000000  0.000000 27.364658
 9815.0 27.581470  0.000000  0.000000 27.581470
 9820.0 27.736490  0.000000  0.000000 27.736490
 9825.0 27.788033  0.000000  0.000000 27.788033
 9830.0 27.740055  0.000000  0.000000 27.740055
 9835.0 27.607939  0.000000  0.000000 27.607939
 9840.0 27.407059  0.000000  0.000000 27.407059
 9845.0 27.158615  0.000000  0.000000 27.158615
 9850.0 26.907131  0.000000  0.000000 26.907131
 9855.0 26.702951  0.000000  0.000000 26.702951
 9860.0 26.596422  0.000000  0.000000 26.596422
 9865.0 26.610535  0.000000  0.000000 26.610535
 9870.0 26.658842  0.000000  0.000000 26.658842
 9875.0 26.627544  0.000000  0.000000 26.627544
 9880.0 26.402838  0.000000  0.000000 26.402838
 9885.0 25.902498  0.000000  0.000000 25.902498
 9890.0 25.170624  0.000000  0.000000 25.170624
 9895.0 24.282888  0.000000  0.000000 24.282888
 9900.0 23.314966  0.000000  0.000000 23.314966
 9905.0 22.352844  0.000000  0.000000 22.352844
 9910.0 21.523764  0.000000  0.000000 21.523764
 9915.0 20.965265  0.000000  0.000000 20.965265
 9920.0 20.814899  0.000000  0.000000 20.814899
 9925.0 21.151918  0.000000  0.000000 21.151918
 9930.0 21.822376  0.000000  0.000000 21.822376
 9935.0 22.614037  0.000000  0.000000 22.614037
 9940.0 23.314657  0.000000  0.000000 23.314657
 9945.0 23.761778  0.000000  0.000000 23.761778
 9950.0 23.992065  0.000000  0.000000 23.992065
 9955.0 24.091967  0.000000  0.000000 24.091967
 9960.0 24.147932  0.000000  0.000000 24.147932
 9965.0 24.229746  0.000000  0.000000 24.229746
 9970.0 24.340544  0.000000  0.000000 24.340544
 9975.0 24.466801  0.000000  0.000000 24.466801
 9980.0 24.594988  0.000000  0.000000 24.594988
 9985.0 24.715668  0.000000  0.000000 24.715668
 9990.0 24.835741  0.000000  0.000000 24.835741
 9995.0 24.966204  0.000000  0.000000 24.966204
10000.0 25.118048  0.000000  0.000000 25.118048
10005.0 25.294754  0.000000  0.000000 25.294754
10010.0 25.469780  0.000000  0.000000 25.469780
10015.0 25.609064  0.000000  0.000000 25.609064
10020.0 25.678551  0.000000  0.000000 25.678551
10025.0 25.659729  0.000000  0.000000 25.659729
10030.0 25.596258  0.000000  0.000000 25.596258
10035.0 25.547344  0.000000  0.000000 25.547344
10040.0 25.572184  0.000000  0.000000 25.572184
10045.0 25.712830  0.000000  0.000000 25.712830
10050.0 25.942705  0.000000  0.000000 25.942705
10055.0 26.218081  0.000000  0.000000 26.218081
10060.0 26.495235  0.000000  0.000000 26.495235
10065.0 26.736609  0.000000  0.000000 26.736609
10070.0 26.929348  0.000000  0.000000 26.929348
10075.0 27.066774  0.000000  0.000000 27.066774
10080.0 27.142202  0.000000  0.000000 27.142202
10085.0 27.154015  0.000000  0.000000 27.154015
10090.0 27.120836  0.000000  0.000000 27.120836
10095.0 27.066349  0.000000  0.000000 27.066349
10100.0 27.014236  0.000000  0.000000 27.014236
10105.0 26.984182  0.000000  0.000000 26.984182
10110.0 26.979843  0.000000  0.000000 26.979843
10115.0 27.000877  0.000000  0.000000 27.000877
10120.0 27.046942  0.000000  0.000000 27.046942
10125.0 27.113426  0.000000  0.000000 27.113426
10130.0 27.178663  0.000000  0.000000 27.178663
10135.0 27.216722  0.000000  0.000000 27.216722
10140.0 27.201672  0.000000  0.000000 27.201672
10145.0 27.118673  0.000000  0.000000 27.118673
10150.0 26.997276  0.000000  0.000000 26.997276
10155.0 26.878122  0.000000  0.000000 26.878122
10160.0 26.801857  0.000000  0.000000 26.801857
10165.0 26.791891  0.000000  0.000000 26.791891
10170.0 26.802725  0.000000  0.000000 26.802725
10175.0 26.771631  0.000000  0.000000 26.771631
10180.0 26.635880  0.000000  0.000000 26.635880
10185.0 26.359600  0.000000  0.000000 26.359600
10190.0 26.014351  0.000000  0.000000 26.014351
10195.0 25.698553  0.000000  0.000000 25.698553
10200.0 25.510620  0.000000  0.000000 25.510620
10205.0 25.518475  0.000000  0.000000 25.518475
10210.0 25.668036  0.000000  0.000000 25.668036
10215.0 25.874729  0.000000  0.000000 25.874729
10220.0 26.053982  0.000000  0.000000 26.053982
10225.0 26.138765  0.000000  0.000000 26.138765
10230.0 26.132261  0.000000  0.000000 26.132261
10235.0 26.055189  0.000000  0.000000 26.055189
10240.0 25.928286  0.000000  0.000000 25.928286
10245.0 25.772333  0.000000  0.000000 25.772333
10250.0 25.608364  0.000000  0.000000 25.608364
10255.0 25.457470  0.000000  0.000000 25.457470
10260.0 25.340744  0.000000  0.000000 25.340744
10265.0 25.276144  0.000000  0.000000 25.276144
10270.0 25.269102  0.000000  0.000000 25.269102
10275.0 25.321918  0.000000  0.000000 25.321918
10280.0 25.436895  0.000000  0.000000 25.436895
10285.0 25.609724  0.000000  0.000000 25.609724
10290.0 25.809669  0.000000  0.000000 25.809669
10295.0 25.999386  0.000000  0.000000 25.999386
10300.0 26.141527  0.000000  0.000000 26.141527
10305.0 26.209423  0.000000  0.000000 26.209423
10310.0 26.219076  0.000000  0.000000 26.219076
10315.0 26.197172  0.000000  0.000000 26.197172
10320.0 26.170387  0.000000  0.000000 26.170387
10325.0 26.163258  0.000000  0.000000 26.163258
10330.0 26.191746  0.000000  0.000000 26.191746
10335.0 26.269674  0.000000  0.000000 26.269674
10340.0 26.410866  0.000000  0.000000 26.410866
10345.0 26.619555  0.000000  0.000000 26.619555
10350.0 26.861637  0.000000  0.000000 26.861637
10355.0 27.093426  0.000000  0.000000 27.093426
10360.0 27.271233  0.000000  0.000000 27.271233
10365.0 27.363930  0.000000  0.000000 27.363930
10370.0 27.390631  0.000000  0.000000 27.390631
10375.0 27.383013  0.000000  0.000000 27.383013
10380.0 27.372755  0.000000  0.000000 27.372755
10385.0 27.386925  0.000000  0.000000 27.386925
10390.0 27.434175  0.000000  0.000000 27.434175
10395.0 27.518545  0.000000  0.000000 27.518545
10400.0 27.644081  0.000000  0.000000 27.644081
10405.0 27.808079  0.000000  0.000000 27.808079
10410.0 27.980852  0.000000  0.000000 27.980852
10415.0 28.125967  0.000000  0.000000 28.125967
10420.0 28.206987  0.000000  0.000000 28.206987
10425.0 28.207306  0.000000  0.000000 28.207306
10430.0 28.189613  0.000000  0.000000 28.189613
10435.0 28.236431  0.000000  0.000000 28.236431
10440.0 28.430275  0.000000  0.000000 28.430275
10445.0 28.810696  0.000000  0.000000 28.810696
10450.0 29.245377  0.000000  0.000000 29.245377
10455.0 29.559038  0.000000  0.000000 29.559038
10460.0 29.576393  0.000000  0.000000 29.576393
10465.0 29.189808  0.000000  0.000000 29.189808
10470.0 28.562233  0.000000  0.000000 28.562233
10475.0 27.924267  0.000000  0.000000 27.924267
10480.0 27.506508  0.000000  0.000000 27.506508
10485.0 27.475407  0.000000  0.000000 27.475407
10490.0 27.740837  0.000000  0.000000 27.740837
10495.0 28.148525  0.000000  0.000000 28.148525
10500.0 28.544197  0.000000  0.000000 28.544197
10505.0 28.805660  0.000000  0.000000 28.805660
10510.0 28.939045  0.000000  0.000000 28.939045
10515.0 28.982569  0.000000  0.000000 28.982569
10520.0 28.974436  0.000000  0.000000 28.974436
10525.0 28.946308  0.000000  0.000000 28.946308
10530.0 28.903624  0.000000  0.000000 28.903624
10535.0 28.845263  0.000000  0.000000 28.845263
10540.0 28.770105  0.000000  0.000000 28.770105
10545.0 28.679829  0.000000  0.000000 28.679829
10550.0 28.587282  0.000000  0.000000 28.587282
10555.0 28.508102  0.000000  0.000000 28.508102
10560.0 28.457933  0.000000  0.000000 28.457933
10565.0 28.443865  0.000000  0.000000 28.443865
10570.0 28.438784  0.000000  0.000000 28.438784
10575.0 28.407028  0.000000  0.000000 28.407028
10580.0 28.312937  0.000000  0.000000 28.312937
10585.0 28.138004  0.000000  0.000000 28.138004
10590.0 27.932354  0.000000  0.000000 27.932354
10595.0 27.763273  0.000000  0.000000 27.763273
10600.0 27.698044  0.000000  0.000000 27.698044
10605.0 27.785603  0.000000  0.000000 27.785603
10610.0 28.001513  0.000000  0.000000 28.001513
10615.0 28.302988  0.000000  0.000000 28.302988
10620.0 28.647247  0.000000  0.000000 28.647247
