   #std  Thtu   Thtb   Thtv   Thtr   Thti   su    sb    sv    sr    si    Pu    Pb    Pv    Pr    Pi  su     sb     sv     sr     si var?  Ref
   osco  32.8   32.9   32.9   33.2   32.9    0  0.04  0.06  0.04  0.07     0  3.64  4.17  4.50  4.34   0  0.005  0.008  0.007  0.011    y  Tapia, 1988
   eaql  95.0   94.4   93.9   93.3   92.6    0  0.35  0.20  0.34  0.18     0  1.65  1.70  1.67  1.63   0  0.020  0.012  0.020  0.010    n  Hsu & Breger, 1982; Bastien et al, 1988
   cori 170.7  172.8  174.9  179.9  177.8    0     0     0     0     0     0  2.81  2.85  2.50  2.27   0      0      0      0      0    -  Coyne & Gehrels, 1966
   nsco 141.6  141.0  140.4  139.7  140.0    0     0     0     0     0     0  0.97  1.21  1.21     0   0      0      0      0      0    -  Serkowski, 1975
   lcar     0       0  99.80      0      0   0     0  0.18     0     0     0     0  1.58     0     0   0      0  0.010      0      0    n  Bastien et al, 1988
   zoph     0  124.00 126.00 124.00 124.00   0  1.06  0.80  1.06  0.73     0  1.35  1.44  1.35  1.18   0  0.050  0.040  0.050  0.030    -  Bailey & Hough, 1982
 hr3708 163.0  162.4  161.8  161.5  161.2    0     0     0     0     0     0  3.03  3.27  3.18     0   0      0      0      0      0    y  Serkowski, 1975
 hr4876     0       0  80.20      0      0   0     0  0.08     0     0     0     0  3.06     0     0   0      0  0.008      0      0    y  Bastien et al, 1988
 hr6553     0   88.9   88.8   88.9   89.9    0  0.39  0.47  0.56  0.69     0  3.44  3.78  3.68  3.25   0  0.047  0.062  0.072  0.078    y? Schmidt et al, 1992
 h23512  30.7   30.3   29.9   29.6   29.3    0  0.14  0.13  0.25  0.40     0  2.04  2.26  2.29  2.13   0  0.010  0.010  0.020  0.030    n? Hsu & Breger, 1982
 h42087     0  169.80 170.10 170.00      0   0     0     0     0     0     0  1.94  2.08  1.96     0   0      0      0      0      0    -  Serkowski, Mathewson & Ford, 1975
 h43384     0  169.3  169.8  170.7  170.3    0  0.51  0.39  0.30  0.42     0  2.83  2.94  2.86  2.71   0  0.050  0.040  0.030  0.040    y  Hsu & Breger, 1982
h110984     0   92.05  91.65  91.25  90.82   0  0.04  0.04  0.03  0.04     0  5.31  5.70  5.67  5.17   0  0.007  0.007  0.006  0.007    -  Tapia, 1988
h111579     0  103.40 103.11 102.47 102.00   0  0.07  0.06  0.06  0.09     0  6.15  6.46  6.21  5.59   0  0.015  0.014  0.013  0.017    -  Tapia, 1988
h126593     0   75.27  75.19  74.81  74.39   0  0.06  0.07  0.07  0.17     0  4.77  5.02  4.82  4.29   0  0.010  0.012  0.012  0.025    -  Tapia, 1988
h127769     0       0  54.00      0      0   0     0  0.40     0     0     0     0  1.49     0     0   0      0  0.021      0      0    -  Clemens & Tapia, 1990
h142863     0       0  83.70      0      0   0     0  0.95     0     0     0     0  1.89     0     0   0      0  0.063      0      0    -  Clemens & Tapia, 1990
h147889     0  178.00 177.00 176.00 173.00   0  1.35  0.72  0.65  0.49     0  2.75  3.56  3.99  4.08   0  0.130  0.090  0.090  0.070    -  Bailey & Hough, 1982
h155197     0  103.1  102.8  102.9  103.2    0  0.33  0.15  0.18  0.30     0  4.11  4.32  4.27  3.91   0  0.047  0.023  0.027  0.041    -  Schmidt et al, 1992
h155528     0   91.24  92.61      0      0   0  0.24  0.37     0     0     0  4.61  4.99     0     0   0  0.038  0.064      0      0    -  Schmidt et al,1992
h160529     0   20.1   20.4   20.8   21.3    0  0.12  0.16  0.04  0.13     0  6.95  7.31  7.04  6.52   0  0.030  0.040  0.010  0.030    -  Hsu & Breger, 1982
h161056     0   66.56  66.93  67.33  67.78   0  0.42  0.18  0.23  0.24     0  3.78  4.03  4.01  3.58   0  0.055  0.025  0.032  0.030    n? Schmidt et al, 1992
h183143     0  180.0  179.0  178.0  179.0    0  0.25  0.18  0.20  0.45     0  5.75  6.19  5.70  5.11   0  0.050  0.040  0.040  0.080    -  Bailey & Hough, 1982
h245310     0  145.97      0      0      0   0  0.40     0     0     0     0  4.55     0     0     0   0  0.064      0      0      0    -  Schmidt et al,1992
h251204     0       0 147.00      0      0   0     0  0.47     0     0     0     0  4.04     0     0   0      0  0.066      0      0    -  Turnshek et al, 1990
h298383     0  147.94 148.61 148.67 148.61   0     0  0.05     0     0     0  4.85  5.23  5.16  4.70   0  0.013  0.009  0.011  0.056    -  Tapia, 1988
