"Sample:0.000 Detector:180.000 ","[]",090330,280.00,1100.00,5.00
5.981439E-003
3.574850E-003
2.343156E-003
1.585601E-003
1.191751E-003
1.329205E-003
4.356559E-003
2.444985E-002
7.933241E-002
1.647625E-001
2.678099E-001
3.580916E-001
4.355871E-001
4.831377E-001
5.306597E-001
5.702667E-001
5.942444E-001
6.078046E-001
6.067239E-001
5.861271E-001
5.374071E-001
4.526404E-001
3.361673E-001
2.132789E-001
1.128763E-001
4.783802E-002
1.663412E-002
4.810819E-003
1.330206E-003
3.648032E-004
1.272185E-004
6.205796E-005
3.992536E-005
3.017862E-005
2.489332E-005
2.155598E-005
1.938198E-005
1.810555E-005
1.768850E-005
1.782141E-005
1.843841E-005
1.904469E-005
1.961405E-005
2.036069E-005
2.088154E-005
2.072961E-005
2.036033E-005
2.024025E-005
2.035701E-005
2.082374E-005
2.205873E-005
2.483537E-005
2.966826E-005
3.749266E-005
4.993735E-005
6.487824E-005
7.334418E-005
6.952154E-005
5.529796E-005
3.747648E-005
2.366059E-005
1.573015E-005
1.171060E-005
9.844638E-006
8.857095E-006
1.736337E-006
1.692388E-006
1.604937E-006
1.465813E-006
1.224280E-006
9.621817E-007
7.590600E-007
6.303622E-007
5.819999E-007
5.624670E-007
6.050221E-007
8.083472E-007
1.436888E-006
3.508769E-006
1.147072E-005
4.197412E-005
1.466010E-004
4.101584E-004
8.695073E-004
1.373918E-003
1.723929E-003
1.832217E-003
1.709730E-003
1.463391E-003
1.181800E-003
9.318725E-004
7.259123E-004
5.526613E-004
4.050504E-004
2.905670E-004
2.051222E-004
1.412960E-004
9.639697E-005
6.687484E-005
4.770721E-005
3.487930E-005
2.580412E-005
1.929866E-005
1.445689E-005
1.083959E-005
8.307095E-006
6.416479E-006
5.033043E-006
4.021799E-006
3.313546E-006
2.737378E-006
2.323000E-006
1.997047E-006
1.781680E-006
1.632266E-006
1.523598E-006
1.439571E-006
1.390082E-006
1.328646E-006
1.275236E-006
1.222342E-006
1.172214E-006
1.121259E-006
1.082104E-006
1.061364E-006
1.050951E-006
1.070061E-006
1.092114E-006
1.142541E-006
1.201589E-006
1.277930E-006
1.373014E-006
1.479154E-006
1.607196E-006
1.750824E-006
1.927049E-006
2.113820E-006
2.340149E-006
2.589404E-006
2.874628E-006
3.199026E-006
3.558314E-006
3.987429E-006
4.456440E-006
4.969014E-006
5.560459E-006
6.203081E-006
6.904443E-006
7.669436E-006
8.543979E-006
9.498548E-006
1.059492E-005
1.174278E-005
1.301646E-005
1.438968E-005
1.589267E-005
1.748890E-005
1.926300E-005
2.116882E-005
2.327373E-005
2.559992E-005
2.806030E-005
3.065732E-005
3.357021E-005
3.660239E-005
