 1150.0 18.509659  4.292508 18.509659  0.000000
 1155.0 12.548846  2.925255 12.548846  0.000000
 1160.0  9.857400  1.955752  9.857400  0.000000
 1165.0 10.857321  2.627280 10.857321  0.000000
 1170.0  9.055951  2.476951  9.055951  0.000000
 1175.0  7.657356  1.631737  7.657356  0.000000
 1180.0  8.748858  1.779160  8.748858  0.000000
 1185.0  7.730671  3.626868  7.730671  0.000000
 1190.0  5.943404  2.362374  5.943404  0.000000
 1195.0  4.988496  1.242782  4.988496  0.000000
 1200.0  4.105004  1.977232  4.105004  0.000000
 1205.0  2.045101  1.126497  2.045101  0.000000
 1210.0  0.774134  0.748733  0.774134  0.000000
 1215.0  1.017639  0.545010  1.017639  0.000000
 1220.0  2.125201  1.681371  2.125201  0.000000
 1225.0  3.742340  1.264356  3.742340  0.000000
 1230.0  5.777863  1.709992  5.777863  0.000000
 1235.0  7.543119  1.744676  7.543119  0.000000
 1240.0  8.560764  1.979440  8.560764  0.000000
 1245.0  8.761810  2.169993  8.761810  0.000000
 1250.0  8.930081  2.028394  8.930081  0.000000
 1255.0  8.456956  2.885199  8.456956  0.000000
 1260.0  7.458289  2.160152  7.458289  0.000000
 1265.0  8.021891  1.068627  8.021891  0.000000
 1270.0  8.959655  2.065915  8.959655  0.000000
 1275.0  8.995112  1.792415  8.995112  0.000000
 1280.0  9.436010  1.588199  9.436010  0.000000
 1285.0  9.376376  2.279237  9.376376  0.000000
 1290.0  8.533734  2.348909  8.533734  0.000000
 1295.0  7.282310  1.875097  7.282310  0.000000
 1300.0  6.343729  1.647512  6.343729  0.000000
 1305.0  6.117345  1.069017  6.117345  0.000000
 1310.0  7.557652  1.109173  7.557652  0.000000
 1315.0  9.432969  1.502052  9.432969  0.000000
 1320.0  9.524662  1.893270  9.524662  0.000000
 1325.0  8.603067  1.450695  8.603067  0.000000
 1330.0  7.934414  2.189718  7.934414  0.000000
 1335.0  7.610141  1.018129  7.610141  0.000000
 1340.0  8.761810  1.190795  8.761810  0.000000
 1345.0  9.199364  1.411291  9.199364  0.000000
 1350.0  9.042075  1.430616  9.042075  0.000000
 1355.0  8.916147  1.415857  8.916147  0.000000
 1360.0  8.537318  1.517849  8.537318  0.000000
 1365.0  8.084936  1.309937  8.084936  0.000000
 1370.0  8.353030  1.335663  8.353030  0.000000
 1375.0  8.361147  1.350833  8.361147  0.000000
 1380.0  8.122998  1.110541  8.122998  0.000000
 1385.0  8.010047  1.178529  8.010047  0.000000
 1390.0  7.782070  1.401121  7.782070  0.000000
 1395.0  7.762035  0.948491  7.762035  0.000000
 1400.0  7.783846  1.139135  7.783846  0.000000
 1405.0  7.627935  1.256284  7.627935  0.000000
 1410.0  7.594646  0.986514  7.594646  0.000000
 1415.0  7.714478  1.232372  7.714478  0.000000
 1420.0  7.679324  0.925361  7.679324  0.000000
 1425.0  7.794544  0.953146  7.794544  0.000000
 1430.0  7.838313  1.152092  7.838313  0.000000
 1435.0  7.727480  0.891254  7.727480  0.000000
 1440.0  8.006009  1.063368  8.006009  0.000000
 1445.0  8.247594  1.032023  8.247594  0.000000
 1450.0  8.213481  1.017551  8.213481  0.000000
 1455.0  8.273888  0.884569  8.273888  0.000000
 1460.0  8.378939  0.831443  8.378939  0.000000
 1465.0  8.060495  0.977525  8.060495  0.000000
 1470.0  7.895610  1.038803  7.895610  0.000000
 1475.0  7.873312  1.193669  7.873312  0.000000
 1480.0  7.898009  1.084338  7.898009  0.000000
 1485.0  7.981312  1.240267  7.981312  0.000000
 1490.0  8.298858  1.080735  8.298858  0.000000
 1495.0  7.950192  0.846058  7.950192  0.000000
 1500.0  7.601722  0.972232  7.601722  0.000000
 1505.0  7.370292  0.907346  7.370292  0.000000
 1510.0  7.256972  0.904801  7.256972  0.000000
 1515.0  7.238935  0.748973  7.238935  0.000000
 1520.0  7.306488  0.945423  7.306488  0.000000
 1525.0  6.996245  0.828581  6.996245  0.000000
 1530.0  6.820767  0.927494  6.820767  0.000000
 1535.0  6.970931  0.895924  6.970931  0.000000
 1540.0  7.081628  0.771028  7.081628  0.000000
 1545.0  7.060490  1.005620  7.060490  0.000000
 1550.0  7.022240  0.875026  7.022240  0.000000
 1555.0  7.064052  0.917302  7.064052  0.000000
 1560.0  6.797040  0.879757  6.797040  0.000000
 1565.0  6.807832  0.888727  6.807832  0.000000
 1570.0  6.887621  1.175483  6.887621  0.000000
 1575.0  6.636851  0.955461  6.636851  0.000000
 1580.0  6.557715  0.747895  6.557715  0.000000
 1585.0  6.928606  0.669727  6.928606  0.000000
 1590.0  6.852242  0.653388  6.852242  0.000000
 1595.0  6.678206  0.819715  6.678206  0.000000
 1600.0  6.539420  0.777362  6.539420  0.000000
 1605.0  6.364519  0.738827  6.364519  0.000000
 1610.0  6.270168  0.748510  6.270168  0.000000
 1615.0  6.320884  0.765823  6.320884  0.000000
 1620.0  6.351457  0.842435  6.351457  0.000000
 1625.0  6.364018  0.844193  6.364018  0.000000
 1630.0  6.206809  0.650876  6.206809  0.000000
 1635.0  6.138709  0.629616  6.138709  0.000000
 1640.0  6.149868  0.719868  6.149868  0.000000
 1645.0  6.072753  0.698267  6.072753  0.000000
 1650.0  5.926076  0.659312  5.926076  0.000000
 1655.0  5.716138  0.616446  5.716138  0.000000
 1660.0  5.756933  0.655498  5.756933  0.000000
 1665.0  5.987097  0.621948  5.987097  0.000000
 1670.0  5.875975  0.778798  5.875975  0.000000
 1675.0  5.889421  0.672437  5.889421  0.000000
 1680.0  5.940453  0.589724  5.940453  0.000000
 1685.0  5.900270  0.697725  5.900270  0.000000
 1690.0  5.897727  0.734136  5.897727  0.000000
 1695.0  5.975757  0.876212  5.975757  0.000000
 1700.0  5.879805  0.638049  5.879805  0.000000
 1705.0  5.638693  0.625716  5.638693  0.000000
 1710.0  5.361850  0.612721  5.361850  0.000000
 1715.0  5.357283  0.680500  5.357283  0.000000
 1720.0  5.213732  0.581012  5.213732  0.000000
 1725.0  5.233992  0.556330  5.233992  0.000000
 1730.0  5.454011  0.661496  5.454011  0.000000
 1735.0  5.515223  0.464834  5.515223  0.000000
 1740.0  5.555739  0.401496  5.555739  0.000000
 1745.0  5.540062  0.515888  5.540062  0.000000
 1750.0  5.504320  0.571682  5.504320  0.000000
 1755.0  5.637328  0.507574  5.637328  0.000000
 1760.0  5.443652  0.527213  5.443652  0.000000
 1765.0  5.430201  0.564931  5.430201  0.000000
 1770.0  5.386956  0.567814  5.386956  0.000000
 1775.0  5.308934  0.539117  5.308934  0.000000
 1780.0  5.276059  0.464747  5.276059  0.000000
 1785.0  4.761302  1.181520  4.761302  0.000000
 1790.0  4.825357  0.462766  4.825357  0.000000
 1795.0  5.338511  0.544785  5.338511  0.000000
 1800.0  5.516786  0.402913  5.516786  0.000000
 1805.0  5.457668  0.508024  5.457668  0.000000
 1810.0  5.430882  0.551121  5.430882  0.000000
 1815.0  5.430898  0.541662  5.430898  0.000000
 1820.0  5.307406  0.592507  5.307406  0.000000
 1825.0  5.230242  0.522862  5.230242  0.000000
 1830.0  5.143746  0.493044  5.143746  0.000000
 1835.0  5.069918  0.509005  5.069918  0.000000
 1840.0  4.941768  0.505976  4.941768  0.000000
 1845.0  4.811052  0.490973  4.811052  0.000000
 1850.0  4.634512  0.433198  4.634512  0.000000
 1855.0  4.479667  0.408293  4.479667  0.000000
 1860.0  4.583064  0.381684  4.583064  0.000000
 1865.0  4.713234  0.360149  4.713234  0.000000
 1870.0  4.851003  0.340356  4.851003  0.000000
 1875.0  4.968969  0.417655  4.968969  0.000000
 1880.0  4.875566  0.513774  4.875566  0.000000
 1885.0  4.637527  0.367766  4.637527  0.000000
 1890.0  4.464973  0.313337  4.464973  0.000000
 1895.0  4.393677  0.322304  4.393677  0.000000
 1900.0  4.454948  0.414391  4.454948  0.000000
 1905.0  4.551492  0.432303  4.551492  0.000000
 1910.0  4.563527  0.353172  4.563527  0.000000
 1915.0  4.420928  0.386141  4.420928  0.000000
 1920.0  4.323461  0.307341  4.323461  0.000000
 1925.0  4.217034  0.353963  4.217034  0.000000
 1930.0  4.288687  0.221339  4.288687  0.000000
 1935.0  4.380273  0.389908  4.380273  0.000000
 1940.0  4.402369  0.432647  4.402369  0.000000
 1945.0  4.411505  0.380103  4.411505  0.000000
 1950.0  4.315741  0.338344  4.315741  0.000000
 1955.0  4.106464  0.477088  4.106464  0.000000
 1960.0  3.990463  0.381338  3.990463  0.000000
 1965.0  4.170524  0.188655  4.170524  0.000000
 1970.0  4.392726  0.042821  4.392726  0.000000
 1975.0  4.390033  0.454388  4.390033  0.000000
 1980.0  4.292762  0.330920  4.292762  0.000000
 1985.0  4.052582  0.774078  4.052582  0.000000
 1990.0  3.851161  0.640943  3.851161  0.000000
 1995.0  3.775777  0.648813  3.775777  0.000000
 2000.0  3.776140  0.502797  3.776140  0.000000
 2005.0  3.813841  0.480459  3.813841  0.000000
 2010.0  3.822905  0.484833  3.822905  0.000000
 2015.0  3.911969  0.627245  3.911969  0.000000
 2020.0  3.968067  0.392026  3.968067  0.000000
 2025.0  3.944948  0.562921  3.944948  0.000000
 2030.0  3.834737  0.658431  3.834737  0.000000
 2035.0  3.867314  0.578568  3.867314  0.000000
 2040.0  3.818155  0.609007  3.818155  0.000000
 2045.0  3.819541  0.526354  3.819541  0.000000
 2050.0  3.979099  0.670809  3.979099  0.000000
 2055.0  3.943011  0.853462  3.943011  0.000000
 2060.0  3.683839  0.589835  3.683839  0.000000
 2065.0  3.650717  0.594496  3.650717  0.000000
 2070.0  3.764014  0.739909  3.764014  0.000000
 2075.0  3.705879  0.826149  3.705879  0.000000
 2080.0  3.794678  0.665579  3.794678  0.000000
 2085.0  3.822973  0.708226  3.822973  0.000000
 2090.0  3.602658  0.865443  3.602658  0.000000
 2095.0  3.444048  0.764265  3.444048  0.000000
 2100.0  3.506267  0.635922  3.506267  0.000000
 2105.0  3.585332  0.474863  3.585332  0.000000
 2110.0  3.489845  0.554577  3.489845  0.000000
 2115.0  3.560958  0.858565  3.560958  0.000000
 2120.0  3.571565  0.785698  3.571565  0.000000
 2125.0  3.440834  0.679652  3.440834  0.000000
 2130.0  3.421585  0.996206  3.421585  0.000000
 2135.0  3.336914  0.913489  3.336914  0.000000
 2140.0  3.252550  0.869948  3.252550  0.000000
 2145.0  3.428239  0.764554  3.428239  0.000000
 2150.0  3.391374  0.686631  3.391374  0.000000
 2155.0  3.319342  0.791272  3.319342  0.000000
 2160.0  3.339772  0.915007  3.339772  0.000000
 2165.0  3.242615  0.880704  3.242615  0.000000
 2170.0  3.126371  0.774816  3.126371  0.000000
 2175.0  3.179778  0.709155  3.179778  0.000000
 2180.0  3.147860  0.629699  3.147860  0.000000
 2185.0  3.142054  0.640498  3.142054  0.000000
 2190.0  3.138308  0.640711  3.138308  0.000000
 2195.0  3.138175  0.732936  3.138175  0.000000
 2200.0  3.150204  0.834656  3.150204  0.000000
 2205.0  3.036855  0.840273  3.036855  0.000000
 2210.0  2.869474  0.723308  2.869474  0.000000
 2215.0  2.870238  0.633327  2.870238  0.000000
 2220.0  2.929992  0.656184  2.929992  0.000000
 2225.0  2.854074  0.638223  2.854074  0.000000
 2230.0  2.875191  0.549151  2.875191  0.000000
 2235.0  2.831373  0.571271  2.831373  0.000000
 2240.0  2.893796  0.588486  2.893796  0.000000
 2245.0  2.939674  0.399817  2.939674  0.000000
 2250.0  2.869252  0.340699  2.869252  0.000000
 2255.0  2.827939  0.423267  2.827939  0.000000
 2260.0  2.863563  0.579027  2.863563  0.000000
 2265.0  2.950299  0.438080  2.950299  0.000000
 2270.0  2.965385  0.265251  2.965385  0.000000
 2275.0  2.916877  0.408911  2.916877  0.000000
 2280.0  2.931146  0.415138  2.931146  0.000000
 2285.0  2.946537  0.344247  2.946537  0.000000
 2290.0  2.974300  0.537577  2.974300  0.000000
 2295.0  3.021209  0.431801  3.021209  0.000000
 2300.0  2.914103  0.490347  2.914103  0.000000
 2305.0  2.781762  0.394719  2.781762  0.000000
 2310.0  2.832473  0.467747  2.832473  0.000000
 2315.0  2.845446  0.409449  2.845446  0.000000
 2320.0  2.790742  0.307832  2.790742  0.000000
 2325.0  2.799812  0.270705  2.799812  0.000000
 2330.0  2.779406  0.205998  2.779406  0.000000
 2335.0  2.795678  0.282903  2.795678  0.000000
 2340.0  2.802375  0.125394  2.802375  0.000000
 2345.0  2.724458  0.184860  2.724458  0.000000
 2350.0  2.687243  0.250754  2.687243  0.000000
 2355.0  2.739823  0.295531  2.739823  0.000000
 2360.0  2.732254  0.319853  2.732254  0.000000
 2365.0  2.759193  0.223477  2.759193  0.000000
 2370.0  2.706527  0.313474  2.706527  0.000000
 2375.0  2.657870  0.360944  2.657870  0.000000
 2380.0  2.615404  0.252417  2.615404  0.000000
 2385.0  2.597157  0.267987  2.597157  0.000000
 2390.0  2.660095  0.127774  2.660095  0.000000
 2395.0  2.599084  0.085801  2.599084  0.000000
 2400.0  2.500561  0.294452  2.500561  0.000000
 2405.0  2.517648  0.389152  2.517648  0.000000
 2410.0  2.565784  0.208812  2.565784  0.000000
 2415.0  2.653216  0.163999  2.653216  0.000000
 2420.0  2.662897  0.144275  2.662897  0.000000
 2425.0  2.623683  0.129808  2.623683  0.000000
 2430.0  2.587489  0.355875  2.587489  0.000000
 2435.0  2.667712  0.168125  2.667712  0.000000
 2440.0  2.729287  0.012340  2.729287  0.000000
 2445.0  2.774653  0.063436  2.774653  0.000000
 2450.0  2.798920  0.015523  2.798920  0.000000
 2455.0  2.804912  0.097427  2.804912  0.000000
 2460.0  2.737549  0.127269  2.737549  0.000000
 2465.0  2.668440  0.265870  2.668440  0.000000
 2470.0  2.611563  0.148961  2.611563  0.000000
 2475.0  2.551702  0.081375  2.551702  0.000000
 2480.0  2.528644  0.189970  2.528644  0.000000
 2485.0  2.544816  0.233308  2.544816  0.000000
 2490.0  2.669276  0.145071  2.669276  0.000000
 2495.0  2.680449  0.118646  2.680449  0.000000
 2500.0  2.673188  0.138399  2.673188  0.000000
 2505.0  2.662627  0.048605  2.662627  0.000000
 2510.0  2.630380  0.151993  2.630380  0.000000
 2515.0  2.572073  0.190755  2.572073  0.000000
 2520.0  2.541747  0.120177  2.541747  0.000000
 2525.0  2.544367  0.039658  2.544367  0.000000
 2530.0  2.554581  0.102283  2.554581  0.000000
 2535.0  2.613675  0.121298  2.613675  0.000000
 2540.0  2.507937  0.104420  2.507937  0.000000
 2545.0  2.476212  0.122185  2.476212  0.000000
 2550.0  2.524439  0.057160  2.524439  0.000000
 2555.0  2.554289  0.098725  2.554289  0.000000
 2560.0  2.632551  0.047977  2.632551  0.000000
 2565.0  2.699545  0.181989  2.699545  0.000000
 2570.0  2.582784  0.210074  2.582784  0.000000
 2575.0  2.592191  0.208190  2.592191  0.000000
 2580.0  2.469597  0.188865  2.469597  0.000000
 2585.0  2.467422  0.271511  2.467422  0.000000
 2590.0  2.678456  0.127692  2.678456  0.000000
 2595.0  2.704578  0.071025  2.704578  0.000000
 2600.0  2.636487  0.163156  2.636487  0.000000
 2605.0  2.588201  0.106423  2.588201  0.000000
 2610.0  2.578968  0.144163  2.578968  0.000000
 2615.0  2.575088  0.030480  2.575088  0.000000
 2620.0  2.612516  0.044065  2.612516  0.000000
 2625.0  2.668061  0.114630  2.668061  0.000000
 2630.0  2.616983  0.096296  2.616983  0.000000
 2635.0  2.605234  0.176572  2.605234  0.000000
 2640.0  2.687670  0.124639  2.687670  0.000000
 2645.0  2.691261  0.052440  2.691261  0.000000
 2650.0  2.655394  0.112218  2.655394  0.000000
 2655.0  2.623346  0.068984  2.623346  0.000000
 2660.0  2.569907  0.108649  2.569907  0.000000
 2665.0  2.525002  0.129594  2.525002  0.000000
 2670.0  2.596678  0.131235  2.596678  0.000000
 2675.0  2.585146  0.154266  2.585146  0.000000
 2680.0  2.573571  0.137965  2.573571  0.000000
 2685.0  2.561166  0.118934  2.561166  0.000000
 2690.0  2.519426  0.291022  2.519426  0.000000
 2695.0  2.550287  0.089155  2.550287  0.000000
 2700.0  2.513392  0.163825  2.513392  0.000000
 2705.0  2.454032  0.079412  2.454032  0.000000
 2710.0  2.433172  0.060247  2.433172  0.000000
 2715.0  2.410996  0.090240  2.410996  0.000000
 2720.0  2.436155  0.098549  2.436155  0.000000
 2725.0  2.428045  0.192825  2.428045  0.000000
 2730.0  2.395638  0.141115  2.395638  0.000000
 2735.0  2.379712  0.189707  2.379712  0.000000
 2740.0  2.365586  0.064573  2.365586  0.000000
 2745.0  2.340673  0.121005  2.340673  0.000000
 2750.0  2.320383  0.135952  2.320383  0.000000
 2755.0  2.307520  0.125732  2.307520  0.000000
 2760.0  2.293500  0.177974  2.293500  0.000000
 2765.0  2.395341  0.197480  2.395341  0.000000
 2770.0  2.444533  0.214131  2.444533  0.000000
 2775.0  2.381052  0.163421  2.381052  0.000000
 2780.0  2.397182  0.112969  2.397182  0.000000
 2785.0  2.346942  0.159068  2.346942  0.000000
 2790.0  2.189023  0.128975  2.189023  0.000000
 2795.0  2.220188  0.149890  2.220188  0.000000
 2800.0  2.257556  0.172724  2.257556  0.000000
 2805.0  2.281840  0.231196  2.281840  0.000000
 2810.0  2.385988  0.238040  2.385988  0.000000
 2815.0  2.392320  0.182134  2.392320  0.000000
 2820.0  2.314741  0.104783  2.314741  0.000000
 2825.0  2.283743  0.048816  2.283743  0.000000
 2830.0  2.221944  0.100055  2.221944  0.000000
 2835.0  2.200679  0.126037  2.200679  0.000000
 2840.0  2.273818  0.163205  2.273818  0.000000
 2845.0  2.308302  0.193269  2.308302  0.000000
 2850.0  2.234145  0.048469  2.234145  0.000000
 2855.0  2.263231  0.108126  2.263231  0.000000
 2860.0  2.254438  0.146616  2.254438  0.000000
 2865.0  2.284092  0.205611  2.284092  0.000000
 2870.0  2.278631  0.157064  2.278631  0.000000
 2875.0  2.248931  0.151913  2.248931  0.000000
 2880.0  2.230942  0.105594  2.230942  0.000000
 2885.0  2.257140  0.100555  2.257140  0.000000
 2890.0  2.205633  0.118999  2.205633  0.000000
 2895.0  2.216019  0.043149  2.216019  0.000000
 2900.0  2.203234  0.071456  2.203234  0.000000
 2905.0  2.229002  0.166851  2.229002  0.000000
 2910.0  2.278099  0.196440  2.278099  0.000000
 2915.0  2.256117  0.058976  2.256117  0.000000
 2920.0  2.236223  0.020805  2.236223  0.000000
 2925.0  2.223503  0.121762  2.223503  0.000000
 2930.0  2.168239  0.039748  2.168239  0.000000
 2935.0  2.245124  0.170734  2.245124  0.000000
 2940.0  2.174670  0.129404  2.174670  0.000000
 2945.0  2.158906  0.050356  2.158906  0.000000
 2950.0  2.212875  0.215498  2.212875  0.000000
 2955.0  2.162975  0.106560  2.162975  0.000000
 2960.0  2.146367  0.078857  2.146367  0.000000
 2965.0  2.172496  0.130303  2.172496  0.000000
 2970.0  2.173223  0.132686  2.173223  0.000000
 2975.0  2.123727  0.076769  2.123727  0.000000
 2980.0  2.153585  0.077612  2.153585  0.000000
 2985.0  2.100320  0.083341  2.100320  0.000000
 2990.0  2.103050  0.090889  2.103050  0.000000
 2995.0  2.127423  0.099321  2.127423  0.000000
 3000.0  2.142803  0.119748  2.142803  0.000000
 3005.0  2.104054  0.152260  2.104054  0.000000
 3010.0  2.118853  0.089311  2.118853  0.000000
 3015.0  2.082693  0.091760  2.082693  0.000000
 3020.0  2.013759  0.079400  2.013759  0.000000
 3025.0  1.983934  0.094111  1.983934  0.000000
 3030.0  2.028000  0.158671  2.028000  0.000000
 3035.0  2.042347  0.061474  2.042347  0.000000
 3040.0  2.056972  0.127860  2.056972  0.000000
 3045.0  2.090920  0.133118  2.090920  0.000000
 3050.0  2.025142  0.100805  2.025142  0.000000
 3055.0  2.014729  0.027018  2.014729  0.000000
 3060.0  1.991302  0.118765  1.991302  0.000000
 3065.0  1.874625  0.079522  1.874625  0.000000
 3070.0  1.937506  0.042481  1.937506  0.000000
 3075.0  1.946871  0.114497  1.946871  0.000000
 3080.0  1.948813  0.040818  1.948813  0.000000
 3085.0  1.960460  0.035623  1.960460  0.000000
 3090.0  1.933924  0.044467  1.933924  0.000000
 3095.0  1.936102  0.120760  1.936102  0.000000
 3100.0  1.944506  0.095453  1.944506  0.000000
 3105.0  1.922682  0.102618  1.922682  0.000000
 3110.0  1.854866  0.098428  1.854866  0.000000
 3115.0  1.939441  0.070767  1.939441  0.000000
 3120.0  2.010592  0.079842  2.010592  0.000000
 3125.0  2.021611  0.081299  2.021611  0.000000
 3130.0  1.972648  0.095227  1.972648  0.000000
 3135.0  1.978033  0.155350  1.978033  0.000000
 3140.0  2.102120  0.179336  2.102120  0.000000
 3145.0  1.988973  0.132821  1.988973  0.000000
 3150.0  1.821688  0.148122  1.821688  0.000000
 3155.0  1.913736  0.115438  1.913736  0.000000
 3160.0  2.002565  0.026457  2.021267  1.983863
 3165.0  1.977644  0.054091  2.015888  1.939401
 3170.0  1.921175  0.017780  1.908608  1.933741
 3175.0  1.919004  0.091072  1.854607  1.983401
 3180.0  1.903349  0.158953  1.790950  2.015747
 3185.0  1.929210  0.055510  1.889960  1.968460
 3190.0  1.838846  0.100106  1.768062  1.909631
 3195.0  1.806749  0.150647  1.700225  1.913273
 3200.0  1.946686  0.576619  0.000000  1.946686
 3205.0  1.964702  0.578321  0.000000  1.964702
 3210.0  1.979008  0.562962  0.000000  1.979008
 3215.0  2.003677  0.530836  0.000000  2.003677
 3220.0  2.005484  0.504457  0.000000  2.005484
 3225.0  1.960516  0.504536  0.000000  1.960516
 3230.0  1.929400  0.522354  0.000000  1.929400
 3235.0  1.964334  0.542076  0.000000  1.964334
 3240.0  1.999232  0.548846  0.000000  1.999232
 3245.0  1.966502  0.535424  0.000000  1.966502
 3250.0  1.910802  0.524046  0.000000  1.910802
 3255.0  1.888539  0.533422  0.000000  1.888539
 3260.0  1.890852  0.538683  0.000000  1.890852
 3265.0  1.894651  0.517618  0.000000  1.894651
 3270.0  1.885179  0.502217  0.000000  1.885179
 3275.0  1.856058  0.522424  0.000000  1.856058
 3280.0  1.826078  0.545791  0.000000  1.826078
 3285.0  1.814405  0.538673  0.000000  1.814405
 3290.0  1.816536  0.525026  0.000000  1.816536
 3295.0  1.821659  0.533248  0.000000  1.821659
 3300.0  1.817406  0.551903  0.000000  1.817406
 3305.0  1.797109  0.562973  0.000000  1.797109
 3310.0  1.778467  0.561931  0.000000  1.778467
 3315.0  1.778402  0.549928  0.000000  1.778402
 3320.0  1.786357  0.537325  0.000000  1.786357
 3325.0  1.787925  0.534639  0.000000  1.787925
 3330.0  1.780780  0.543804  0.000000  1.780780
 3335.0  1.768543  0.561853  0.000000  1.768543
 3340.0  1.766535  0.574803  0.000000  1.766535
 3345.0  1.784386  0.571388  0.000000  1.784386
 3350.0  1.797242  0.562219  0.000000  1.797242
 3355.0  1.782107  0.559602  0.000000  1.782107
 3360.0  1.757879  0.560754  0.000000  1.757879
 3365.0  1.746699  0.561038  0.000000  1.746699
 3370.0  1.741770  0.563486  0.000000  1.741770
 3375.0  1.733321  0.569958  0.000000  1.733321
 3380.0  1.728614  0.569933  0.000000  1.728614
 3385.0  1.734624  0.556084  0.000000  1.734624
 3390.0  1.740151  0.546241  0.000000  1.740151
 3395.0  1.733455  0.554147  0.000000  1.733455
 3400.0  1.718821  0.552049  0.000000  1.718821
 3405.0  1.704665  0.516533  0.000000  1.704665
 3410.0  1.699914  0.483025  0.000000  1.699914
 3415.0  1.708131  0.487285  0.000000  1.708131
 3420.0  1.710920  0.507562  0.000000  1.710920
 3425.0  1.691982  0.515882  0.000000  1.691982
 3430.0  1.665377  0.516901  0.000000  1.665377
 3435.0  1.649294  0.520797  0.000000  1.649294
 3440.0  1.648064  0.527215  0.000000  1.648064
 3445.0  1.659830  0.533052  0.000000  1.659830
 3450.0  1.671829  0.534729  0.000000  1.671829
 3455.0  1.672625  0.530389  0.000000  1.672625
 3460.0  1.666998  0.525535  0.000000  1.666998
 3465.0  1.661569  0.524910  0.000000  1.661569
 3470.0  1.654107  0.522877  0.000000  1.654107
 3475.0  1.641912  0.513939  0.000000  1.641912
 3480.0  1.629264  0.503559  0.000000  1.629264
 3485.0  1.621373  0.499122  0.000000  1.621373
 3490.0  1.620175  0.504763  0.000000  1.620175
 3495.0  1.625044  0.520114  0.000000  1.625044
 3500.0  1.628374  0.530051  0.000000  1.628374
 3505.0  1.624258  0.521799  0.000000  1.624258
 3510.0  1.620583  0.506736  0.000000  1.620583
 3515.0  1.623881  0.499310  0.000000  1.623881
 3520.0  1.621462  0.502091  0.000000  1.621462
 3525.0  1.603958  0.513478  0.000000  1.603958
 3530.0  1.594492  0.527061  0.000000  1.594492
 3535.0  1.611971  0.535752  0.000000  1.611971
 3540.0  1.625927  0.534573  0.000000  1.625927
 3545.0  1.607396  0.521980  0.000000  1.607396
 3550.0  1.582806  0.508075  0.000000  1.582806
 3555.0  1.581512  0.501867  0.000000  1.581512
 3560.0  1.589215  0.496362  0.000000  1.589215
 3565.0  1.586288  0.484965  0.000000  1.586288
 3570.0  1.575475  0.478677  0.000000  1.575475
 3575.0  1.563645  0.487169  0.000000  1.563645
 3580.0  1.551797  0.497186  0.000000  1.551797
 3585.0  1.540473  0.494785  0.000000  1.540473
 3590.0  1.534248  0.486211  0.000000  1.534248
 3595.0  1.535528  0.480582  0.000000  1.535528
 3600.0  1.534012  0.478339  0.000000  1.534012
 3605.0  1.521446  0.477911  0.000000  1.521446
 3610.0  1.510467  0.478360  0.000000  1.510467
 3615.0  1.513368  0.478344  0.000000  1.513368
 3620.0  1.520165  0.474260  0.000000  1.520165
 3625.0  1.518749  0.463979  0.000000  1.518749
 3630.0  1.510784  0.453499  0.000000  1.510784
 3635.0  1.500900  0.449162  0.000000  1.500900
 3640.0  1.491819  0.450548  0.000000  1.491819
 3645.0  1.485469  0.454370  0.000000  1.485469
 3650.0  1.482516  0.452649  0.000000  1.482516
 3655.0  1.482596  0.440314  0.000000  1.482596
 3660.0  1.482497  0.428609  0.000000  1.482497
 3665.0  1.478391  0.429163  0.000000  1.478391
 3670.0  1.466841  0.438835  0.000000  1.466841
 3675.0  1.447703  0.450331  0.000000  1.447703
 3680.0  1.433619  0.454522  0.000000  1.433619
 3685.0  1.436078  0.446249  0.000000  1.436078
 3690.0  1.449170  0.438067  0.000000  1.449170
 3695.0  1.463775  0.441658  0.000000  1.463775
 3700.0  1.475356  0.447487  0.000000  1.475356
 3705.0  1.482888  0.445861  0.000000  1.482888
 3710.0  1.494833  0.447678  0.000000  1.494833
 3715.0  1.518532  0.462204  0.000000  1.518532
 3720.0  1.547346  0.471601  0.000000  1.547346
 3725.0  1.574156  0.461309  0.000000  1.574156
 3730.0  1.603885  0.456986  0.000000  1.603885
 3735.0  1.641734  0.481148  0.000000  1.641734
 3740.0  1.681988  0.503532  0.000000  1.681988
 3745.0  1.719723  0.494482  0.000000  1.719723
 3750.0  1.764113  0.479556  0.000000  1.764113
 3755.0  1.819189  0.486514  0.000000  1.819189
 3760.0  1.854317  0.496735  0.000000  1.854317
 3765.0  1.852838  0.487514  0.000000  1.852838
 3770.0  1.888667  0.466204  0.000000  1.888667
 3775.0  2.019352  0.448168  0.000000  2.019352
 3780.0  2.146402  0.450755  0.000000  2.146402
 3785.0  2.163529  0.481239  0.000000  2.163529
 3790.0  2.089296  0.504614  0.000000  2.089296
 3795.0  1.986959  0.487262  0.000000  1.986959
 3800.0  1.973707  0.443416  0.000000  1.973707
 3805.0  2.132653  0.398033  0.000000  2.132653
 3810.0  2.356689  0.371137  0.000000  2.356689
 3815.0  2.503744  0.375210  0.000000  2.503744
 3820.0  2.482111  0.397478  0.000000  2.482111
 3825.0  2.261844  0.420091  0.000000  2.261844
 3830.0  2.009666  0.430127  0.000000  2.009666
 3835.0  1.906776  0.418429  0.000000  1.906776
 3840.0  1.995602  0.385944  0.000000  1.995602
 3845.0  2.252954  0.338792  0.000000  2.252954
 3850.0  2.531938  0.293666  0.000000  2.531938
 3855.0  2.693289  0.266332  0.000000  2.693289
 3860.0  2.751956  0.258293  0.000000  2.751956
 3865.0  2.745587  0.267850  0.000000  2.745587
 3870.0  2.648419  0.294775  0.000000  2.648419
 3875.0  2.438786  0.335677  0.000000  2.438786
 3880.0  2.174819  0.373040  0.000000  2.174819
 3885.0  1.940125  0.390499  0.000000  1.940125
 3890.0  1.840410  0.390423  0.000000  1.840410
 3895.0  1.948054  0.377601  0.000000  1.948054
 3900.0  2.180032  0.347771  0.000000  2.180032
 3905.0  2.424241  0.299103  0.000000  2.424241
 3910.0  2.607671  0.248547  0.000000  2.607671
 3915.0  2.687423  0.214605  0.000000  2.687423
 3920.0  2.701961  0.203216  0.000000  2.701961
 3925.0  2.701310  0.213423  0.000000  2.701310
 3930.0  2.700397  0.229241  0.000000  2.700397
 3935.0  2.703278  0.236815  0.000000  2.703278
 3940.0  2.705623  0.245853  0.000000  2.705623
 3945.0  2.692177  0.267991  0.000000  2.692177
 3950.0  2.612352  0.299028  0.000000  2.612352
 3955.0  2.426289  0.332136  0.000000  2.426289
 3960.0  2.172357  0.365802  0.000000  2.172357
 3965.0  1.924401  0.394964  0.000000  1.924401
 3970.0  1.819931  0.395028  0.000000  1.819931
 3975.0  1.958815  0.350273  0.000000  1.958815
 3980.0  2.226688  0.299985  0.000000  2.226688
 3985.0  2.478003  0.281676  0.000000  2.478003
 3990.0  2.656709  0.270736  0.000000  2.656709
 3995.0  2.742507  0.238632  0.000000  2.742507
 4000.0  2.768618  0.203244  0.000000  2.768618
 4005.0  2.773183  0.186086  0.000000  2.773183
 4010.0  2.760518  0.176777  0.000000  2.760518
 4015.0  2.730962  0.161889  0.000000  2.730962
 4020.0  2.702784  0.147712  0.000000  2.702784
 4025.0  2.693676  0.143380  0.000000  2.693676
 4030.0  2.701076  0.149704  0.000000  2.701076
 4035.0  2.716186  0.162454  0.000000  2.716186
 4040.0  2.725487  0.165571  0.000000  2.725487
 4045.0  2.718508  0.148842  0.000000  2.718508
 4050.0  2.701681  0.137266  0.000000  2.701681
 4055.0  2.683062  0.153574  0.000000  2.683062
 4060.0  2.660294  0.176197  0.000000  2.660294
 4065.0  2.630000  0.181272  0.000000  2.630000
 4070.0  2.595126  0.180046  0.000000  2.595126
 4075.0  2.551828  0.191278  0.000000  2.551828
 4080.0  2.462765  0.228652  0.000000  2.462765
 4085.0  2.296297  0.294827  0.000000  2.296297
 4090.0  2.077082  0.353415  0.000000  2.077082
 4095.0  1.856789  0.368495  0.000000  1.856789
 4100.0  1.738852  0.345057  0.000000  1.738852
 4105.0  1.803628  0.299538  0.000000  1.803628
 4110.0  1.987402  0.253251  0.000000  1.987402
 4115.0  2.197131  0.222065  0.000000  2.197131
 4120.0  2.366520  0.195216  0.000000  2.366520
 4125.0  2.453301  0.161239  0.000000  2.453301
 4130.0  2.484567  0.132515  0.000000  2.484567
 4135.0  2.498107  0.121761  0.000000  2.498107
 4140.0  2.505161  0.119194  0.000000  2.505161
 4145.0  2.509376  0.113979  0.000000  2.509376
 4150.0  2.510607  0.113573  0.000000  2.510607
 4155.0  2.507493  0.126180  0.000000  2.507493
 4160.0  2.497621  0.144694  0.000000  2.497621
 4165.0  2.481528  0.158939  0.000000  2.481528
 4170.0  2.472598  0.161768  0.000000  2.472598
 4175.0  2.480824  0.150719  0.000000  2.480824
 4180.0  2.489770  0.139061  0.000000  2.489770
 4185.0  2.483341  0.138676  0.000000  2.483341
 4190.0  2.473225  0.140186  0.000000  2.473225
 4195.0  2.472190  0.132917  0.000000  2.472190
 4200.0  2.469556  0.122285  0.000000  2.469556
 4205.0  2.454422  0.117024  0.000000  2.454422
 4210.0  2.438461  0.123060  0.000000  2.438461
 4215.0  2.433148  0.140708  0.000000  2.433148
 4220.0  2.426601  0.150644  0.000000  2.426601
 4225.0  2.407316  0.137854  0.000000  2.407316
 4230.0  2.388649  0.124207  0.000000  2.388649
 4235.0  2.384303  0.130809  0.000000  2.384303
 4240.0  2.384511  0.138837  0.000000  2.384511
 4245.0  2.377485  0.128482  0.000000  2.377485
 4250.0  2.366836  0.115930  0.000000  2.366836
 4255.0  2.358223  0.119079  0.000000  2.358223
 4260.0  2.350097  0.126680  0.000000  2.350097
 4265.0  2.340111  0.125374  0.000000  2.340111
 4270.0  2.329919  0.122501  0.000000  2.329919
 4275.0  2.321759  0.125803  0.000000  2.321759
 4280.0  2.316207  0.123953  0.000000  2.316207
 4285.0  2.311524  0.108158  0.000000  2.311524
 4290.0  2.298371  0.098844  0.000000  2.298371
 4295.0  2.269765  0.115444  0.000000  2.269765
 4300.0  2.235758  0.144223  0.000000  2.235758
 4305.0  2.205786  0.168859  0.000000  2.205786
 4310.0  2.169787  0.195860  0.000000  2.169787
 4315.0  2.111820  0.232730  0.000000  2.111820
 4320.0  2.011940  0.268118  0.000000  2.011940
 4325.0  1.859593  0.288340  0.000000  1.859593
 4330.0  1.685801  0.289224  0.000000  1.685801
 4335.0  1.538813  0.271939  0.000000  1.538813
 4340.0  1.494220  0.249523  0.000000  1.494220
 4345.0  1.602075  0.236076  0.000000  1.602075
 4350.0  1.782938  0.238078  0.000000  1.782938
 4355.0  1.942997  0.251133  0.000000  1.942997
 4360.0  2.060429  0.234948  0.000000  2.060429
 4365.0  2.131191  0.163961  0.000000  2.131191
 4370.0  2.150345  0.107446  0.000000  2.150345
 4375.0  2.122454  0.126426  0.000000  2.122454
 4380.0  2.090980  0.154103  0.000000  2.090980
 4385.0  2.094037  0.120902  0.000000  2.094037
 4390.0  2.109457  0.073957  0.000000  2.109457
 4395.0  2.108817  0.070352  0.000000  2.108817
 4400.0  2.098967  0.090246  0.000000  2.098967
 4405.0  2.092545  0.101817  0.000000  2.092545
 4410.0  2.090087  0.102233  0.000000  2.090087
 4415.0  2.088883  0.096143  0.000000  2.088883
 4420.0  2.085347  0.089130  0.000000  2.085347
 4425.0  2.076825  0.085248  0.000000  2.076825
 4430.0  2.065281  0.081503  0.000000  2.065281
 4435.0  2.053859  0.074708  0.000000  2.053859
 4440.0  2.045826  0.067972  0.000000  2.045826
 4445.0  2.042347  0.064800  0.000000  2.042347
 4450.0  2.036064  0.063998  0.000000  2.036064
 4455.0  2.019072  0.063104  0.000000  2.019072
 4460.0  1.989800  0.059289  0.000000  1.989800
 4465.0  1.950979  0.051516  0.000000  1.950979
 4470.0  1.916205  0.046274  0.000000  1.916205
 4475.0  1.898790  0.050039  0.000000  1.898790
 4480.0  1.900021  0.061696  0.000000  1.900021
 4485.0  1.916122  0.076633  0.000000  1.916122
 4490.0  1.935095  0.083821  0.000000  1.935095
 4495.0  1.945563  0.075566  0.000000  1.945563
 4500.0  1.946862  0.063923  0.000000  1.946862
 4505.0  1.940895  0.062081  0.000000  1.940895
 4510.0  1.929106  0.068010  0.000000  1.929106
 4515.0  1.914073  0.075488  0.000000  1.914073
 4520.0  1.903354  0.076754  0.000000  1.903354
 4525.0  1.901917  0.068098  0.000000  1.901917
 4530.0  1.899374  0.063574  0.000000  1.899374
 4535.0  1.885931  0.074751  0.000000  1.885931
 4540.0  1.869516  0.085505  0.000000  1.869516
 4545.0  1.859790  0.080087  0.000000  1.859790
 4550.0  1.855617  0.071924  0.000000  1.855617
 4555.0  1.853599  0.075691  0.000000  1.853599
 4560.0  1.852099  0.081851  0.000000  1.852099
 4565.0  1.849926  0.079066  0.000000  1.849926
 4570.0  1.845931  0.072992  0.000000  1.845931
 4575.0  1.839659  0.071283  0.000000  1.839659
 4580.0  1.833397  0.072584  0.000000  1.833397
 4585.0  1.829257  0.073491  0.000000  1.829257
 4590.0  1.825904  0.071423  0.000000  1.825904
 4595.0  1.821597  0.065534  0.000000  1.821597
 4600.0  1.816405  0.061103  0.000000  1.816405
 4605.0  1.811482  0.062651  0.000000  1.811482
 4610.0  1.810511  0.065527  0.000000  1.810511
 4615.0  1.815077  0.064806  0.000000  1.815077
 4620.0  1.815857  0.063634  0.000000  1.815857
 4625.0  1.805256  0.065611  0.000000  1.805256
 4630.0  1.793511  0.068077  0.000000  1.793511
 4635.0  1.790851  0.068254  0.000000  1.790851
 4640.0  1.789632  0.069150  0.000000  1.789632
 4645.0  1.781525  0.073020  0.000000  1.781525
 4650.0  1.773334  0.073329  0.000000  1.773334
 4655.0  1.771885  0.065320  0.000000  1.771885
 4660.0  1.768969  0.060141  0.000000  1.768969
 4665.0  1.756869  0.067731  0.000000  1.756869
 4670.0  1.744889  0.077276  0.000000  1.744889
 4675.0  1.742948  0.076595  0.000000  1.742948
 4680.0  1.746398  0.068788  0.000000  1.746398
 4685.0  1.747041  0.061518  0.000000  1.747041
 4690.0  1.737030  0.065425  0.000000  1.737030
 4695.0  1.714091  0.084546  0.000000  1.714091
 4700.0  1.697861  0.093533  0.000000  1.697861
 4705.0  1.704603  0.072343  0.000000  1.704603
 4710.0  1.715145  0.051539  0.000000  1.715145
 4715.0  1.709193  0.061244  0.000000  1.709193
 4720.0  1.697379  0.079218  0.000000  1.697379
 4725.0  1.693779  0.079441  0.000000  1.693779
 4730.0  1.695334  0.073114  0.000000  1.695334
 4735.0  1.695625  0.075512  0.000000  1.695625
 4740.0  1.691961  0.080968  0.000000  1.691961
 4745.0  1.683584  0.080997  0.000000  1.683584
 4750.0  1.673744  0.076762  0.000000  1.673744
 4755.0  1.665653  0.071660  0.000000  1.665653
 4760.0  1.658361  0.068345  0.000000  1.658361
 4765.0  1.650950  0.067869  0.000000  1.650950
 4770.0  1.646793  0.065592  0.000000  1.646793
 4775.0  1.647971  0.058018  0.000000  1.647971
 4780.0  1.647117  0.051902  0.000000  1.647117
 4785.0  1.637561  0.053619  0.000000  1.637561
 4790.0  1.624884  0.057752  0.000000  1.624884
 4795.0  1.615657  0.058280  0.000000  1.615657
 4800.0  1.608165  0.058542  0.000000  1.608165
 4805.0  1.599898  0.062162  0.000000  1.599898
 4810.0  1.593452  0.064525  0.000000  1.593452
 4815.0  1.590470  0.061612  0.000000  1.590470
 4820.0  1.583669  0.060038  0.000000  1.583669
 4825.0  1.566157  0.066402  0.000000  1.566157
 4830.0  1.541539  0.076619  0.000000  1.541539
 4835.0  1.510804  0.085489  0.000000  1.510804
 4840.0  1.453987  0.094021  0.000000  1.453987
 4845.0  1.354403  0.105616  0.000000  1.354403
 4850.0  1.229448  0.127041  0.000000  1.229448
 4855.0  1.110961  0.159481  0.000000  1.110961
 4860.0  1.054478  0.178435  0.000000  1.054478
 4865.0  1.101087  0.163524  0.000000  1.101087
 4870.0  1.210390  0.136553  0.000000  1.210390
 4875.0  1.326965  0.121476  0.000000  1.326965
 4880.0  1.416794  0.108671  0.000000  1.416794
 4885.0  1.460681  0.086029  0.000000  1.460681
 4890.0  1.477315  0.065064  0.000000  1.477315
 4895.0  1.489063  0.058425  0.000000  1.489063
 4900.0  1.495123  0.059658  0.000000  1.495123
 4905.0  1.490809  0.059249  0.000000  1.490809
 4910.0  1.479078  0.054516  0.000000  1.479078
 4915.0  1.465161  0.045921  0.000000  1.465161
 4920.0  1.455737  0.039668  0.000000  1.455737
 4925.0  1.456136  0.040439  0.000000  1.456136
 4930.0  1.464830  0.041105  0.000000  1.464830
 4935.0  1.477206  0.035503  0.000000  1.477206
 4940.0  1.483165  0.033165  0.000000  1.483165
 4945.0  1.475459  0.042296  0.000000  1.475459
 4950.0  1.463730  0.050104  0.000000  1.463730
 4955.0  1.458280  0.044433  0.000000  1.458280
 4960.0  1.455167  0.036674  0.000000  1.455167
 4965.0  1.449348  0.039324  0.000000  1.449348
 4970.0  1.445614  0.045770  0.000000  1.445614
 4975.0  1.448275  0.047455  0.000000  1.448275
 4980.0  1.449878  0.047162  0.000000  1.449878
 4985.0  1.443195  0.048896  0.000000  1.443195
 4990.0  1.433679  0.050212  0.000000  1.433679
 4995.0  1.427577  0.048039  0.000000  1.427577
 5000.0  1.421651  0.043253  0.000000  1.421651
 5005.0  1.412342  0.038204  0.000000  1.412342
 5010.0  1.404305  0.037208  0.000000  1.404305
 5015.0  1.402097  0.042534  0.000000  1.402097
 5020.0  1.401690  0.046316  0.000000  1.401690
 5025.0  1.398303  0.041746  0.000000  1.398303
 5030.0  1.392738  0.036391  0.000000  1.392738
 5035.0  1.386849  0.038371  0.000000  1.386849
 5040.0  1.381111  0.043648  0.000000  1.381111
 5045.0  1.375413  0.046590  0.000000  1.375413
 5050.0  1.368675  0.047361  0.000000  1.368675
 5055.0  1.360569  0.047215  0.000000  1.360569
 5060.0  1.354746  0.045992  0.000000  1.354746
 5065.0  1.353911  0.043477  0.000000  1.353911
 5070.0  1.353012  0.040661  0.000000  1.353012
 5075.0  1.346875  0.038504  0.000000  1.346875
 5080.0  1.337611  0.036631  0.000000  1.337611
 5085.0  1.328504  0.034528  0.000000  1.328504
 5090.0  1.320269  0.032445  0.000000  1.320269
 5095.0  1.313127  0.031184  0.000000  1.313127
 5100.0  1.307908  0.032975  0.000000  1.307908
 5105.0  1.305215  0.039058  0.000000  1.305215
 5110.0  1.304125  0.045273  0.000000  1.304125
 5115.0  1.303516  0.047246  0.000000  1.303516
 5120.0  1.302986  0.045164  0.000000  1.302986
 5125.0  1.302578  0.040802  0.000000  1.302578
 5130.0  1.303404  0.037740  0.000000  1.303404
 5135.0  1.305841  0.038712  0.000000  1.305841
 5140.0  1.306265  0.041259  0.000000  1.306265
 5145.0  1.301204  0.042375  0.000000  1.301204
 5150.0  1.291787  0.042053  0.000000  1.291787
 5155.0  1.280607  0.041116  0.000000  1.280607
 5160.0  1.271526  0.040724  0.000000  1.271526
 5165.0  1.267210  0.041681  0.000000  1.267210
 5170.0  1.264302  0.043026  0.000000  1.264302
 5175.0  1.258937  0.043421  0.000000  1.258937
 5180.0  1.251271  0.041768  0.000000  1.251271
 5185.0  1.242845  0.037904  0.000000  1.242845
 5190.0  1.236735  0.035159  0.000000  1.236735
 5195.0  1.235023  0.036000  0.000000  1.235023
 5200.0  1.234290  0.035945  0.000000  1.234290
 5205.0  1.230727  0.030865  0.000000  1.230727
 5210.0  1.224483  0.024993  0.000000  1.224483
 5215.0  1.216816  0.023228  0.000000  1.216816
 5220.0  1.209482  0.024763  0.000000  1.209482
 5225.0  1.203792  0.027252  0.000000  1.203792
 5230.0  1.198804  0.027885  0.000000  1.198804
 5235.0  1.193410  0.024917  0.000000  1.193410
 5240.0  1.188110  0.021336  0.000000  1.188110
 5245.0  1.183842  0.020458  0.000000  1.183842
 5250.0  1.181702  0.022201  0.000000  1.181702
 5255.0  1.182004  0.025529  0.000000  1.182004
 5260.0  1.181785  0.028994  0.000000  1.181785
 5265.0  1.178377  0.030978  0.000000  1.178377
 5270.0  1.173566  0.029594  0.000000  1.173566
 5275.0  1.169588  0.024337  0.000000  1.169588
 5280.0  1.166031  0.020492  0.000000  1.166031
 5285.0  1.162550  0.022855  0.000000  1.162550
 5290.0  1.161712  0.028477  0.000000  1.161712
 5295.0  1.164674  0.033032  0.000000  1.164674
 5300.0  1.164037  0.034428  0.000000  1.164037
 5305.0  1.153818  0.031755  0.000000  1.153818
 5310.0  1.142268  0.026607  0.000000  1.142268
 5315.0  1.137854  0.021468  0.000000  1.137854
 5320.0  1.135664  0.019898  0.000000  1.135664
 5325.0  1.129936  0.023945  0.000000  1.129936
 5330.0  1.124889  0.028536  0.000000  1.124889
 5335.0  1.124862  0.028603  0.000000  1.124862
 5340.0  1.124700  0.026213  0.000000  1.124700
 5345.0  1.119420  0.024627  0.000000  1.119420
 5350.0  1.114227  0.024737  0.000000  1.114227
 5355.0  1.114021  0.026193  0.000000  1.114021
 5360.0  1.112289  0.026024  0.000000  1.112289
 5365.0  1.103031  0.021940  0.000000  1.103031
 5370.0  1.093706  0.016976  0.000000  1.093706
 5375.0  1.091979  0.014681  0.000000  1.091979
 5380.0  1.092877  0.015338  0.000000  1.092877
 5385.0  1.090087  0.018077  0.000000  1.090087
 5390.0  1.084571  0.020712  0.000000  1.084571
 5395.0  1.079029  0.020990  0.000000  1.079029
 5400.0  1.075833  0.017727  0.000000  1.075833
 5405.0  1.076154  0.011318  0.000000  1.076154
 5410.0  1.076686  0.007427  0.000000  1.076686
 5415.0  1.074124  0.010220  0.000000  1.074124
 5420.0  1.069659  0.012626  0.000000  1.069659
 5425.0  1.065394  0.008310  0.000000  1.065394
 5430.0  1.062587  0.005106  0.000000  1.062587
 5435.0  1.061491  0.010621  0.000000  1.061491
 5440.0  1.059185  0.017373  0.000000  1.059185
 5445.0  1.053356  0.017016  0.000000  1.053356
 5450.0  1.047292  0.012845  0.000000  1.047292
 5455.0  1.044385  0.010067  0.000000  1.044385
 5460.0  1.042856  0.009903  0.000000  1.042856
 5465.0  1.040280  0.012144  0.000000  1.040280
 5470.0  1.036817  0.014848  0.000000  1.036817
 5475.0  1.033394  0.015856  0.000000  1.033394
 5480.0  1.031410  0.013862  0.000000  1.031410
 5485.0  1.031703  0.008996  0.000000  1.031703
 5490.0  1.032382  0.006266  0.000000  1.032382
 5495.0  1.031215  0.009378  0.000000  1.031215
 5500.0  1.027329  0.011954  0.000000  1.027329
 5505.0  1.020874  0.008165  0.000000  1.020874
 5510.0  1.014720  0.004475  0.000000  1.014720
 5515.0  1.011535  0.007232  0.000000  1.011535
 5520.0  1.010438  0.010039  0.000000  1.010438
 5525.0  1.010058  0.006357  0.000000  1.010058
 5530.0  1.010596  0.001827  0.000000  1.010596
 5535.0  1.012130  0.002585  0.000000  1.012130
 5540.0  1.012672  0.004580  0.000000  1.012672
 5545.0  1.010485  0.003244  0.000000  1.010485
 5550.0  1.006894  0.002110  0.000000  1.006894
 5555.0  1.003534  0.004848  0.000000  1.003534
 5560.0  1.000209  0.007564  0.000000  1.000209
 5565.0  0.996636  0.006272  0.000000  0.996636
 5570.0  0.994003  0.004162  0.000000  0.994003
 5575.0  0.993247  0.004945  0.000000  0.993247
 5580.0  0.992801  0.007209  0.000000  0.992801
 5585.0  0.990675  0.008687  0.000000  0.990675
 5590.0  0.985695  0.008798  0.000000  0.985695
 5595.0  0.977975  0.007526  0.000000  0.977975
 5600.0  0.971971  0.005423  0.000000  0.971971
 5605.0  0.971183  0.003694  0.000000  0.971183
 5610.0  0.970952  0.005582  0.000000  0.970952
 5615.0  0.966099  0.012974  0.000000  0.966099
 5620.0  0.957536  0.020313  0.000000  0.957536
 5625.0  0.948068  0.022435  0.000000  0.948068
 5630.0  0.941988  0.023192  0.000000  0.941988
 5635.0  0.941896  0.026565  0.000000  0.941896
 5640.0  0.942134  0.028018  0.000000  0.942134
 5645.0  0.937387  0.023365  0.000000  0.937387
 5650.0  0.931971  0.018320  0.000000  0.931971
 5655.0  0.930735  0.018731  0.000000  0.930735
 5660.0  0.931021  0.021091  0.000000  0.931021
 5665.0  0.929273  0.020806  0.000000  0.929273
 5670.0  0.925843  0.018307  0.000000  0.925843
 5675.0  0.922284  0.015621  0.000000  0.922284
 5680.0  0.921055  0.016153  0.000000  0.921055
 5685.0  0.923322  0.021533  0.000000  0.923322
 5690.0  0.924204  0.024941  0.000000  0.924204
 5695.0  0.919480  0.020479  0.000000  0.919480
 5700.0  0.913637  0.014416  0.000000  0.913637
 5705.0  0.911482  0.013483  0.000000  0.911482
 5710.0  0.910411  0.014090  0.000000  0.910411
 5715.0  0.907479  0.012182  0.000000  0.907479
 5720.0  0.905786  0.012165  0.000000  0.905786
 5725.0  0.908069  0.017785  0.000000  0.908069
 5730.0  0.909564  0.021709  0.000000  0.909564
 5735.0  0.905398  0.017065  0.000000  0.905398
 5740.0  0.897765  0.009915  0.000000  0.897765
 5745.0  0.890057  0.007582  0.000000  0.890057
 5750.0  0.883392  0.009494  0.000000  0.883392
 5755.0  0.878319  0.013106  0.000000  0.878319
 5760.0  0.875388  0.015872  0.000000  0.875388
 5765.0  0.874871  0.015892  0.000000  0.874871
 5770.0  0.875926  0.013834  0.000000  0.875926
 5775.0  0.877435  0.011012  0.000000  0.877435
 5780.0  0.878279  0.008739  0.000000  0.878279
 5785.0  0.877617  0.008007  0.000000  0.877617
 5790.0  0.875719  0.008525  0.000000  0.875719
 5795.0  0.873135  0.009680  0.000000  0.873135
 5800.0  0.870413  0.010860  0.000000  0.870413
 5805.0  0.868004  0.011573  0.000000  0.868004
 5810.0  0.865964  0.011804  0.000000  0.865964
 5815.0  0.864255  0.011662  0.000000  0.864255
 5820.0  0.862835  0.011252  0.000000  0.862835
 5825.0  0.861590  0.010667  0.000000  0.861590
 5830.0  0.860105  0.009947  0.000000  0.860105
 5835.0  0.857890  0.009119  0.000000  0.857890
 5840.0  0.854457  0.008209  0.000000  0.854457
 5845.0  0.849546  0.007231  0.000000  0.849546
 5850.0  0.843818  0.006140  0.000000  0.843818
 5855.0  0.838164  0.004877  0.000000  0.838164
 5860.0  0.833474  0.003383  0.000000  0.833474
 5865.0  0.830385  0.001716  0.000000  0.830385
 5870.0  0.828508  0.000401  0.000000  0.828508
 5875.0  0.827198  0.000076  0.000000  0.827198
 5880.0  0.825813  0.001381  0.000000  0.825813
 5885.0  0.823891  0.004623  0.000000  0.823891
 5890.0  0.821701  0.008770  0.000000  0.821701
 5895.0  0.819694  0.012458  0.000000  0.819694
 5900.0  0.818321  0.014322  0.000000  0.818321
 5905.0  0.817866  0.013427  0.000000  0.817866
 5910.0  0.817935  0.010560  0.000000  0.817935
 5915.0  0.817967  0.006936  0.000000  0.817967
 5920.0  0.817401  0.003772  0.000000  0.817401
 5925.0  0.815834  0.002019  0.000000  0.815834
 5930.0  0.813500  0.001571  0.000000  0.813500
 5935.0  0.810790  0.002055  0.000000  0.810790
 5940.0  0.808097  0.003101  0.000000  0.808097
 5945.0  0.805738  0.004355  0.000000  0.805738
 5950.0  0.803736  0.005540  0.000000  0.803736
 5955.0  0.802036  0.006397  0.000000  0.802036
 5960.0  0.800587  0.006665  0.000000  0.800587
 5965.0  0.799316  0.006204  0.000000  0.799316
 5970.0  0.798074  0.005338  0.000000  0.798074
 5975.0  0.796696  0.004510  0.000000  0.796696
 5980.0  0.795012  0.004162  0.000000  0.795012
 5985.0  0.792917  0.004585  0.000000  0.792917
 5990.0  0.790547  0.005458  0.000000  0.790547
 5995.0  0.788098  0.006309  0.000000  0.788098
 6000.0  0.785768  0.006665  0.000000  0.785768
 6005.0  0.783702  0.006199  0.000000  0.783702
 6010.0  0.781851  0.005152  0.000000  0.781851
 6015.0  0.780114  0.003910  0.000000  0.780114
 6020.0  0.778391  0.002861  0.000000  0.778391
 6025.0  0.776572  0.002300  0.000000  0.776572
 6030.0  0.774503  0.002167  0.000000  0.774503
 6035.0  0.772023  0.002312  0.000000  0.772023
 6040.0  0.768969  0.002584  0.000000  0.768969
 6045.0  0.765309  0.002886  0.000000  0.765309
 6050.0  0.761533  0.003334  0.000000  0.761533
 6055.0  0.758262  0.004099  0.000000  0.758262
 6060.0  0.756115  0.005349  0.000000  0.756115
 6065.0  0.755506  0.007181  0.000000  0.755506
 6070.0  0.756021  0.009394  0.000000  0.756021
 6075.0  0.757041  0.011714  0.000000  0.757041
 6080.0  0.757947  0.013868  0.000000  0.757947
 6085.0  0.758222  0.015613  0.000000  0.758222
 6090.0  0.757771  0.016835  0.000000  0.757771
 6095.0  0.756600  0.017449  0.000000  0.756600
 6100.0  0.754719  0.017373  0.000000  0.754719
 6105.0  0.752158  0.016586  0.000000  0.752158
 6110.0  0.749050  0.015308  0.000000  0.749050
 6115.0  0.745550  0.013824  0.000000  0.745550
 6120.0  0.741812  0.012417  0.000000  0.741812
 6125.0  0.738005  0.011323  0.000000  0.738005
 6130.0  0.734334  0.010593  0.000000  0.734334
 6135.0  0.731020  0.010226  0.000000  0.731020
 6140.0  0.728281  0.010227  0.000000  0.728281
 6145.0  0.726243  0.010554  0.000000  0.726243
 6150.0  0.724662  0.011005  0.000000  0.724662
 6155.0  0.723201  0.011332  0.000000  0.723201
 6160.0  0.721523  0.011290  0.000000  0.721523
 6165.0  0.719387  0.010751  0.000000  0.719387
 6170.0  0.716926  0.010052  0.000000  0.716926
 6175.0  0.714372  0.009651  0.000000  0.714372
 6180.0  0.711952  0.010003  0.000000  0.711952
 6185.0  0.709850  0.011368  0.000000  0.709850
 6190.0  0.708056  0.013224  0.000000  0.708056
 6195.0  0.706513  0.014853  0.000000  0.706513
 6200.0  0.705164  0.015536  0.000000  0.705164
 6205.0  0.703954  0.014797  0.000000  0.703954
 6210.0  0.702836  0.013133  0.000000  0.702836
 6215.0  0.701762  0.011285  0.000000  0.701762
 6220.0  0.700686  0.009991  0.000000  0.700686
 6225.0  0.699532  0.009780  0.000000  0.699532
 6230.0  0.698099  0.010338  0.000000  0.698099
 6235.0  0.696156  0.011138  0.000000  0.696156
 6240.0  0.693472  0.011654  0.000000  0.693472
 6245.0  0.689939  0.011518  0.000000  0.689939
 6250.0  0.685933  0.010985  0.000000  0.685933
 6255.0  0.681957  0.010469  0.000000  0.681957
 6260.0  0.678509  0.010385  0.000000  0.678509
 6265.0  0.675991  0.011054  0.000000  0.675991
 6270.0  0.674403  0.012440  0.000000  0.674403
 6275.0  0.673646  0.014414  0.000000  0.673646
 6280.0  0.673619  0.016849  0.000000  0.673619
 6285.0  0.674149  0.019566  0.000000  0.674149
 6290.0  0.674761  0.022185  0.000000  0.674761
 6295.0  0.674904  0.024275  0.000000  0.674904
 6300.0  0.674028  0.025405  0.000000  0.674028
 6305.0  0.671788  0.025324  0.000000  0.671788
 6310.0  0.668654  0.024507  0.000000  0.668654
 6315.0  0.665302  0.023607  0.000000  0.665302
 6320.0  0.662407  0.023280  0.000000  0.662407
 6325.0  0.660454  0.023971  0.000000  0.660454
 6330.0  0.659164  0.025288  0.000000  0.659164
 6335.0  0.658065  0.026631  0.000000  0.658065
 6340.0  0.656689  0.027402  0.000000  0.656689
 6345.0  0.654702  0.027179  0.000000  0.654702
 6350.0  0.652317  0.026265  0.000000  0.652317
 6355.0  0.649886  0.025141  0.000000  0.649886
 6360.0  0.647760  0.024289  0.000000  0.647760
 6365.0  0.646197  0.024075  0.000000  0.646197
 6370.0  0.645079  0.024398  0.000000  0.645079
 6375.0  0.644197  0.025045  0.000000  0.644197
 6380.0  0.643338  0.025799  0.000000  0.643338
 6385.0  0.642337  0.026446  0.000000  0.642337
 6390.0  0.641208  0.026777  0.000000  0.641208
 6395.0  0.640009  0.026584  0.000000  0.640009
 6400.0  0.638797  0.025658  0.000000  0.638797
 6405.0  0.637616  0.023925  0.000000  0.637616
 6410.0  0.636446  0.021837  0.000000  0.636446
 6415.0  0.635253  0.019981  0.000000  0.635253
 6420.0  0.634004  0.018943  0.000000  0.634004
 6425.0  0.632666  0.019118  0.000000  0.632666
 6430.0  0.631209  0.020148  0.000000  0.631209
 6435.0  0.629606  0.021481  0.000000  0.629606
 6440.0  0.627829  0.022569  0.000000  0.627829
 6445.0  0.625864  0.022994  0.000000  0.625864
 6450.0  0.623753  0.022879  0.000000  0.623753
 6455.0  0.621556  0.022479  0.000000  0.621556
 6460.0  0.619328  0.022049  0.000000  0.619328
 6465.0  0.617167  0.021761  0.000000  0.617167
 6470.0  0.615324  0.021447  0.000000  0.615324
 6475.0  0.614090  0.020854  0.000000  0.614090
 6480.0  0.613756  0.019730  0.000000  0.613756
 6485.0  0.614464  0.017965  0.000000  0.614464
 6490.0  0.615757  0.016026  0.000000  0.615757
 6495.0  0.617031  0.014519  0.000000  0.617031
 6500.0  0.617682  0.014055  0.000000  0.617682
 6505.0  0.617088  0.014989  0.000000  0.617088
 6510.0  0.614561  0.016678  0.000000  0.614561
 6515.0  0.609399  0.018227  0.000000  0.609399
 6520.0  0.600898  0.018741  0.000000  0.600898
 6525.0  0.588767  0.017683  0.000000  0.588767
 6530.0  0.574367  0.015952  0.000000  0.574367
 6535.0  0.559472  0.014805  0.000000  0.559472
 6540.0  0.545855  0.015500  0.000000  0.545855
 6545.0  0.535077  0.018826  0.000000  0.535077
 6550.0  0.527844  0.023706  0.000000  0.527844
 6555.0  0.524649  0.028597  0.000000  0.524649
 6560.0  0.525984  0.031953  0.000000  0.525984
 6565.0  0.532010  0.032593  0.000000  0.532010
 6570.0  0.541562  0.030786  0.000000  0.541562
 6575.0  0.553145  0.027162  0.000000  0.553145
 6580.0  0.565261  0.022353  0.000000  0.565261
 6585.0  0.576563  0.017005  0.000000  0.576563
 6590.0  0.586293  0.011836  0.000000  0.586293
 6595.0  0.593841  0.007581  0.000000  0.593841
 6600.0  0.598599  0.004972  0.000000  0.598599
 6605.0  0.600256  0.004485  0.000000  0.600256
 6610.0  0.599696  0.005563  0.000000  0.599696
 6615.0  0.598102  0.007389  0.000000  0.598102
 6620.0  0.596659  0.009148  0.000000  0.596659
 6625.0  0.596206  0.010203  0.000000  0.596206
 6630.0  0.596218  0.010639  0.000000  0.596218
 6635.0  0.595825  0.010723  0.000000  0.595825
 6640.0  0.594158  0.010720  0.000000  0.594158
 6645.0  0.590681  0.010848  0.000000  0.590681
 6650.0  0.586183  0.011132  0.000000  0.586183
 6655.0  0.581785  0.011550  0.000000  0.581785
 6660.0  0.578610  0.012079  0.000000  0.578610
 6665.0  0.577433  0.012671  0.000000  0.577433
 6670.0  0.577648  0.013175  0.000000  0.577648
 6675.0  0.578305  0.013416  0.000000  0.578305
 6680.0  0.578452  0.013217  0.000000  0.578452
 6685.0  0.577385  0.012499  0.000000  0.577385
 6690.0  0.575392  0.011569  0.000000  0.575392
 6695.0  0.573006  0.010830  0.000000  0.573006
 6700.0  0.570763  0.010685  0.000000  0.570763
 6705.0  0.569072  0.011392  0.000000  0.569072
 6710.0  0.567842  0.012633  0.000000  0.567842
 6715.0  0.566856  0.013943  0.000000  0.566856
 6720.0  0.565898  0.014859  0.000000  0.565898
 6725.0  0.564790  0.015052  0.000000  0.564790
 6730.0  0.563516  0.014734  0.000000  0.563516
 6735.0  0.562100  0.014252  0.000000  0.562100
 6740.0  0.560563  0.013954  0.000000  0.560563
 6745.0  0.558901  0.014072  0.000000  0.558901
 6750.0  0.556993  0.014381  0.000000  0.556993
 6755.0  0.554691  0.014544  0.000000  0.554691
 6760.0  0.551847  0.014222  0.000000  0.551847
 6765.0  0.548438  0.013231  0.000000  0.548438
 6770.0  0.544943  0.012014  0.000000  0.544943
 6775.0  0.541969  0.011166  0.000000  0.541969
 6780.0  0.540121  0.011283  0.000000  0.540121
 6785.0  0.539768  0.012745  0.000000  0.539768
 6790.0  0.540334  0.015050  0.000000  0.540334
 6795.0  0.541007  0.017481  0.000000  0.541007
 6800.0  0.540972  0.019320  0.000000  0.540972
 6805.0  0.539707  0.020060  0.000000  0.539707
 6810.0  0.537853  0.020047  0.000000  0.537853
 6815.0  0.536340  0.019840  0.000000  0.536340
 6820.0  0.536099  0.019997  0.000000  0.536099
 6825.0  0.537651  0.020887  0.000000  0.537651
 6830.0  0.539881  0.022127  0.000000  0.539881
 6835.0  0.541265  0.023145  0.000000  0.541265
 6840.0  0.540279  0.023370  0.000000  0.540279
 6845.0  0.535910  0.022444  0.000000  0.535910
 6850.0  0.529204  0.020868  0.000000  0.529204
 6855.0  0.521715  0.019358  0.000000  0.521715
 6860.0  0.515002  0.018629  0.000000  0.515002
 6865.0  0.510295  0.019160  0.000000  0.510295
 6870.0  0.507526  0.020483  0.000000  0.507526
 6875.0  0.506303  0.021891  0.000000  0.506303
 6880.0  0.506232  0.022680  0.000000  0.506232
 6885.0  0.506947  0.022347  0.000000  0.506947
 6890.0  0.508201  0.021194  0.000000  0.508201
 6895.0  0.509770  0.019726  0.000000  0.509770
 6900.0  0.511434  0.018447  0.000000  0.511434
 6905.0  0.512954  0.017770  0.000000  0.512954
 6910.0  0.514020  0.017728  0.000000  0.514020
 6915.0  0.514306  0.018265  0.000000  0.514306
 6920.0  0.513483  0.019323  0.000000  0.513483
 6925.0  0.511393  0.020792  0.000000  0.511393
 6930.0  0.508544  0.022363  0.000000  0.508544
 6935.0  0.505612  0.023675  0.000000  0.505612
 6940.0  0.503273  0.024369  0.000000  0.503273
 6945.0  0.501999  0.024218  0.000000  0.501999
 6950.0  0.501451  0.023531  0.000000  0.501451
 6955.0  0.501083  0.022752  0.000000  0.501083
 6960.0  0.500351  0.022324  0.000000  0.500351
 6965.0  0.498848  0.022555  0.000000  0.498848
 6970.0  0.496712  0.023200  0.000000  0.496712
 6975.0  0.494216  0.023882  0.000000  0.494216
 6980.0  0.491634  0.024219  0.000000  0.491634
 6985.0  0.489214  0.023952  0.000000  0.489214
 6990.0  0.487091  0.023299  0.000000  0.487091
 6995.0  0.485375  0.022599  0.000000  0.485375
 7000.0  0.484173  0.022190  0.000000  0.484173
 7005.0  0.483515  0.022300  0.000000  0.483515
 7010.0  0.483108  0.022732  0.000000  0.483108
 7015.0  0.482578  0.023177  0.000000  0.482578
 7020.0  0.481552  0.023328  0.000000  0.481552
 7025.0  0.479785  0.022992  0.000000  0.479785
 7030.0  0.477538  0.022436  0.000000  0.477538
 7035.0  0.475202  0.022042  0.000000  0.475202
 7040.0  0.473164  0.022194  0.000000  0.473164
 7045.0  0.471737  0.023163  0.000000  0.471737
 7050.0  0.470916  0.024781  0.000000  0.470916
 7055.0  0.470621  0.026769  0.000000  0.470621
 7060.0  0.470772  0.028849  0.000000  0.470772
 7065.0  0.471253  0.030749  0.000000  0.471253
 7070.0  0.471823  0.032231  0.000000  0.471823
 7075.0  0.472208  0.033062  0.000000  0.472208
 7080.0  0.472132  0.033010  0.000000  0.472132
 7085.0  0.471390  0.031948  0.000000  0.471390
 7090.0  0.470051  0.030161  0.000000  0.470051
 7095.0  0.468256  0.028040  0.000000  0.468256
 7100.0  0.466144  0.025977  0.000000  0.466144
 7105.0  0.463843  0.024314  0.000000  0.463843
 7110.0  0.461445  0.023206  0.000000  0.461445
 7115.0  0.459029  0.022763  0.000000  0.459029
 7120.0  0.456678  0.023092  0.000000  0.456678
 7125.0  0.454473  0.024197  0.000000  0.454473
 7130.0  0.452506  0.025664  0.000000  0.452506
 7135.0  0.450873  0.026975  0.000000  0.450873
 7140.0  0.449669  0.027612  0.000000  0.449669
 7145.0  0.448946  0.027250  0.000000  0.448946
 7150.0  0.448590  0.026332  0.000000  0.448590
 7155.0  0.448445  0.025495  0.000000  0.448445
 7160.0  0.448356  0.025377  0.000000  0.448356
 7165.0  0.448181  0.026387  0.000000  0.448181
 7170.0  0.447838  0.028038  0.000000  0.447838
 7175.0  0.447256  0.029616  0.000000  0.447256
 7180.0  0.446366  0.030406  0.000000  0.446366
 7185.0  0.445145  0.029910  0.000000  0.445145
 7190.0  0.443752  0.028496  0.000000  0.443752
 7195.0  0.442388  0.026746  0.000000  0.442388
 7200.0  0.441259  0.025242  0.000000  0.441259
 7205.0  0.440474  0.024420  0.000000  0.440474
 7210.0  0.439767  0.024123  0.000000  0.439767
 7215.0  0.438780  0.024047  0.000000  0.438780
 7220.0  0.437153  0.023887  0.000000  0.437153
 7225.0  0.434680  0.023418  0.000000  0.434680
 7230.0  0.431758  0.022725  0.000000  0.431758
 7235.0  0.428938  0.021974  0.000000  0.428938
 7240.0  0.426769  0.021329  0.000000  0.426769
 7245.0  0.425650  0.020909  0.000000  0.425650
 7250.0  0.425371  0.020646  0.000000  0.425371
 7255.0  0.425571  0.020429  0.000000  0.425571
 7260.0  0.425890  0.020145  0.000000  0.425890
 7265.0  0.426044  0.019716  0.000000  0.426044
 7270.0  0.426069  0.019216  0.000000  0.426069
 7275.0  0.426077  0.018753  0.000000  0.426077
 7280.0  0.426181  0.018435  0.000000  0.426181
 7285.0  0.426462  0.018325  0.000000  0.426462
 7290.0  0.426859  0.018297  0.000000  0.426859
 7295.0  0.427281  0.018178  0.000000  0.427281
 7300.0  0.427635  0.017798  0.000000  0.427635
 7305.0  0.427810  0.017063  0.000000  0.427810
 7310.0  0.427620  0.016207  0.000000  0.427620
 7315.0  0.426862  0.015541  0.000000  0.426862
 7320.0  0.425331  0.015378  0.000000  0.425331
 7325.0  0.422961  0.015933  0.000000  0.422961
 7330.0  0.420230  0.017031  0.000000  0.420230
 7335.0  0.417754  0.018397  0.000000  0.417754
 7340.0  0.416148  0.019760  0.000000  0.416148
 7345.0  0.415813  0.020879  0.000000  0.415813
 7350.0  0.416277  0.021644  0.000000  0.416277
 7355.0  0.416856  0.021977  0.000000  0.416856
 7360.0  0.416863  0.021801  0.000000  0.416863
 7365.0  0.415828  0.021099  0.000000  0.415828
 7370.0  0.414144  0.020095  0.000000  0.414144
 7375.0  0.412422  0.019076  0.000000  0.412422
 7380.0  0.411269  0.018327  0.000000  0.411269
 7385.0  0.411091  0.018061  0.000000  0.411091
 7390.0  0.411475  0.018205  0.000000  0.411475
 7395.0  0.411806  0.018613  0.000000  0.411806
 7400.0  0.411467  0.019138  0.000000  0.411467
 7405.0  0.410034  0.019661  0.000000  0.410034
 7410.0  0.407856  0.020169  0.000000  0.407856
 7415.0  0.405475  0.020676  0.000000  0.405475
 7420.0  0.403433  0.021196  0.000000  0.403433
 7425.0  0.402131  0.021722  0.000000  0.402131
 7430.0  0.401413  0.022167  0.000000  0.401413
 7435.0  0.400984  0.022423  0.000000  0.400984
 7440.0  0.400546  0.022383  0.000000  0.400546
 7445.0  0.399846  0.021959  0.000000  0.399846
 7450.0  0.398800  0.021149  0.000000  0.398800
 7455.0  0.397366  0.019971  0.000000  0.397366
 7460.0  0.395501  0.018444  0.000000  0.395501
 7465.0  0.393210  0.016662  0.000000  0.393210
 7470.0  0.390690  0.015026  0.000000  0.390690
 7475.0  0.388183  0.014015  0.000000  0.388183
 7480.0  0.385932  0.014107  0.000000  0.385932
 7485.0  0.384157  0.015579  0.000000  0.384157
 7490.0  0.382986  0.017913  0.000000  0.382986
 7495.0  0.382522  0.020389  0.000000  0.382522
 7500.0  0.382868  0.022289  0.000000  0.382868
 7505.0  0.384044  0.023083  0.000000  0.384044
 7510.0  0.385724  0.023004  0.000000  0.385724
 7515.0  0.387499  0.022474  0.000000  0.387499
 7520.0  0.388957  0.021915  0.000000  0.388957
 7525.0  0.389803  0.021663  0.000000  0.389803
 7530.0  0.390205  0.021712  0.000000  0.390205
 7535.0  0.390443  0.021967  0.000000  0.390443
 7540.0  0.390800  0.022337  0.000000  0.390800
 7545.0  0.391372  0.022715  0.000000  0.391372
 7550.0  0.391513  0.022940  0.000000  0.391513
 7555.0  0.390391  0.022837  0.000000  0.390391
 7560.0  0.387175  0.022232  0.000000  0.387175
 7565.0  0.381183  0.021052  0.000000  0.381183
 7570.0  0.372329  0.019621  0.000000  0.372329
 7575.0  0.360678  0.018368  0.000000  0.360678
 7580.0  0.346295  0.017718  0.000000  0.346295
 7585.0  0.329917  0.017994  0.000000  0.329917
 7590.0  0.314981  0.019104  0.000000  0.314981
 7595.0  0.305596  0.020852  0.000000  0.305596
 7600.0  0.305872  0.023043  0.000000  0.305872
 7605.0  0.318213  0.025455  0.000000  0.318213
 7610.0  0.338190  0.027761  0.000000  0.338190
 7615.0  0.359670  0.029610  0.000000  0.359670
 7620.0  0.376518  0.030649  0.000000  0.376518
 7625.0  0.384169  0.030623  0.000000  0.384169
 7630.0  0.384334  0.029656  0.000000  0.384334
 7635.0  0.380291  0.027970  0.000000  0.380291
 7640.0  0.375319  0.025786  0.000000  0.375319
 7645.0  0.371912  0.023320  0.000000  0.371912
 7650.0  0.369424  0.020772  0.000000  0.369424
 7655.0  0.366424  0.018339  0.000000  0.366424
 7660.0  0.361479  0.016216  0.000000  0.361479
 7665.0  0.353765  0.014563  0.000000  0.353765
 7670.0  0.344876  0.013395  0.000000  0.344876
 7675.0  0.337012  0.012688  0.000000  0.337012
 7680.0  0.332373  0.012423  0.000000  0.332373
 7685.0  0.332464  0.012563  0.000000  0.332464
 7690.0  0.336012  0.013027  0.000000  0.336012
 7695.0  0.341050  0.013720  0.000000  0.341050
 7700.0  0.345611  0.014545  0.000000  0.345611
 7705.0  0.348164  0.015405  0.000000  0.348164
 7710.0  0.348918  0.016188  0.000000  0.348918
 7715.0  0.348518  0.016778  0.000000  0.348518
 7720.0  0.347611  0.017061  0.000000  0.347611
 7725.0  0.346734  0.016950  0.000000  0.346734
 7730.0  0.345985  0.016467  0.000000  0.345985
 7735.0  0.345358  0.015667  0.000000  0.345358
 7740.0  0.344844  0.014601  0.000000  0.344844
 7745.0  0.344401  0.013390  0.000000  0.344401
 7750.0  0.343864  0.012433  0.000000  0.343864
 7755.0  0.343033  0.012198  0.000000  0.343033
 7760.0  0.341708  0.013151  0.000000  0.341708
 7765.0  0.339800  0.015549  0.000000  0.339800
 7770.0  0.337659  0.018803  0.000000  0.337659
 7775.0  0.335742  0.022114  0.000000  0.335742
 7780.0  0.334509  0.024680  0.000000  0.334509
 7785.0  0.334266  0.025905  0.000000  0.334266
 7790.0  0.334707  0.025999  0.000000  0.334707
 7795.0  0.335376  0.025377  0.000000  0.335376
 7800.0  0.335816  0.024453  0.000000  0.335816
 7805.0  0.335648  0.023568  0.000000  0.335648
 7810.0  0.334819  0.022775  0.000000  0.334819
 7815.0  0.333350  0.022056  0.000000  0.333350
 7820.0  0.331267  0.021392  0.000000  0.331267
 7825.0  0.328655  0.020799  0.000000  0.328655
 7830.0  0.325851  0.020434  0.000000  0.325851
 7835.0  0.323250  0.020490  0.000000  0.323250
 7840.0  0.321249  0.021160  0.000000  0.321249
 7845.0  0.320114  0.022515  0.000000  0.320114
 7850.0  0.319580  0.024134  0.000000  0.319580
 7855.0  0.319250  0.025476  0.000000  0.319250
 7860.0  0.318725  0.025999  0.000000  0.318725
 7865.0  0.317722  0.025355  0.000000  0.317722
 7870.0  0.316398  0.023970  0.000000  0.316398
 7875.0  0.315022  0.022465  0.000000  0.315022
 7880.0  0.313865  0.021461  0.000000  0.313865
 7885.0  0.313141  0.021404  0.000000  0.313141
 7890.0  0.312842  0.022043  0.000000  0.312842
 7895.0  0.312903  0.022951  0.000000  0.312903
 7900.0  0.313262  0.023702  0.000000  0.313262
 7905.0  0.313827  0.023973  0.000000  0.313827
 7910.0  0.314403  0.023852  0.000000  0.314403
 7915.0  0.314768  0.023528  0.000000  0.314768
 7920.0  0.314698  0.023192  0.000000  0.314698
 7925.0  0.314068  0.022988  0.000000  0.314068
 7930.0  0.313132  0.022882  0.000000  0.313132
 7935.0  0.312240  0.022794  0.000000  0.312240
 7940.0  0.311742  0.022643  0.000000  0.311742
 7945.0  0.311859  0.022381  0.000000  0.311859
 7950.0  0.312290  0.022073  0.000000  0.312290
 7955.0  0.312601  0.021817  0.000000  0.312601
 7960.0  0.312363  0.021709  0.000000  0.312363
 7965.0  0.311297  0.021795  0.000000  0.311297
 7970.0  0.309746  0.021913  0.000000  0.309746
 7975.0  0.308203  0.021851  0.000000  0.308203
 7980.0  0.307165  0.021396  0.000000  0.307165
 7985.0  0.306971  0.020424  0.000000  0.306971
 7990.0  0.307335  0.019167  0.000000  0.307335
 7995.0  0.307815  0.017944  0.000000  0.307815
 8000.0  0.307967  0.017077  0.000000  0.307967
 8005.0  0.307473  0.016802  0.000000  0.307473
 8010.0  0.306498  0.017024  0.000000  0.306498
 8015.0  0.305334  0.017562  0.000000  0.305334
 8020.0  0.304268  0.018237  0.000000  0.304268
 8025.0  0.303532  0.018897  0.000000  0.303532
 8030.0  0.303123  0.019487  0.000000  0.303123
 8035.0  0.302981  0.019984  0.000000  0.302981
 8040.0  0.303043  0.020360  0.000000  0.303043
 8045.0  0.303246  0.020594  0.000000  0.303246
 8050.0  0.303513  0.020686  0.000000  0.303513
 8055.0  0.303763  0.020641  0.000000  0.303763
 8060.0  0.303916  0.020463  0.000000  0.303916
 8065.0  0.303869  0.020159  0.000000  0.303869
 8070.0  0.303420  0.019749  0.000000  0.303420
 8075.0  0.302347  0.019253  0.000000  0.302347
 8080.0  0.300423  0.018693  0.000000  0.300423
 8085.0  0.297591  0.018090  0.000000  0.297591
 8090.0  0.294446  0.017461  0.000000  0.294446
 8095.0  0.291750  0.016822  0.000000  0.291750
 8100.0  0.290263  0.016191  0.000000  0.290263
 8105.0  0.290502  0.015611  0.000000  0.290502
 8110.0  0.292002  0.015234  0.000000  0.292002
 8115.0  0.294053  0.015238  0.000000  0.294053
 8120.0  0.295944  0.015801  0.000000  0.295944
 8125.0  0.297074  0.016990  0.000000  0.297074
 8130.0  0.297266  0.018415  0.000000  0.297266
 8135.0  0.296451  0.019573  0.000000  0.296451
 8140.0  0.294560  0.019963  0.000000  0.294560
 8145.0  0.291647  0.019253  0.000000  0.291647
 8150.0  0.288261  0.017790  0.000000  0.288261
 8155.0  0.285072  0.016094  0.000000  0.285072
 8160.0  0.282752  0.014684  0.000000  0.282752
 8165.0  0.281801  0.013946  0.000000  0.281801
 8170.0  0.282029  0.013740  0.000000  0.282029
 8175.0  0.283075  0.013792  0.000000  0.283075
 8180.0  0.284577  0.013831  0.000000  0.284577
 8185.0  0.286170  0.013675  0.000000  0.286170
 8190.0  0.287472  0.013515  0.000000  0.287472
 8195.0  0.288096  0.013634  0.000000  0.288096
 8200.0  0.287654  0.014314  0.000000  0.287654
 8205.0  0.285982  0.015719  0.000000  0.285982
 8210.0  0.283795  0.017532  0.000000  0.283795
 8215.0  0.282032  0.019317  0.000000  0.282032
 8220.0  0.281630  0.020640  0.000000  0.281630
 8225.0  0.283156  0.021141  0.000000  0.283156
 8230.0  0.285693  0.020777  0.000000  0.285693
 8235.0  0.287955  0.019580  0.000000  0.287955
 8240.0  0.288657  0.017583  0.000000  0.288657
 8245.0  0.286914  0.014895  0.000000  0.286914
 8250.0  0.283453  0.011923  0.000000  0.283453
 8255.0  0.279404  0.009149  0.000000  0.279404
 8260.0  0.275898  0.007055  0.000000  0.275898
 8265.0  0.273803  0.005999  0.000000  0.273803
 8270.0  0.272942  0.005842  0.000000  0.272942
 8275.0  0.272874  0.006321  0.000000  0.272874
 8280.0  0.273162  0.007174  0.000000  0.273162
 8285.0  0.273479  0.008163  0.000000  0.273479
 8290.0  0.273950  0.009146  0.000000  0.273950
 8295.0  0.274813  0.010008  0.000000  0.274813
 8300.0  0.276307  0.010633  0.000000  0.276307
 8305.0  0.278512  0.010925  0.000000  0.278512
 8310.0  0.280882  0.010870  0.000000  0.280882
 8315.0  0.282711  0.010473  0.000000  0.282711
 8320.0  0.283296  0.009739  0.000000  0.283296
 8325.0  0.282173  0.008733  0.000000  0.282173
 8330.0  0.279847  0.007762  0.000000  0.279847
 8335.0  0.277061  0.007192  0.000000  0.277061
 8340.0  0.274562  0.007388  0.000000  0.274562
 8345.0  0.272923  0.008544  0.000000  0.272923
 8350.0  0.272040  0.010159  0.000000  0.272040
 8355.0  0.271639  0.011561  0.000000  0.271639
 8360.0  0.271443  0.012077  0.000000  0.271443
 8365.0  0.271256  0.011275  0.000000  0.271256
 8370.0  0.271194  0.009684  0.000000  0.271194
 8375.0  0.271451  0.008074  0.000000  0.271451
 8380.0  0.272221  0.007214  0.000000  0.272221
 8385.0  0.273562  0.007671  0.000000  0.273562
 8390.0  0.274990  0.009190  0.000000  0.274990
 8395.0  0.275885  0.011313  0.000000  0.275885
 8400.0  0.275628  0.013583  0.000000  0.275628
 8405.0  0.273829  0.015574  0.000000  0.273829
 8410.0  0.271020  0.017002  0.000000  0.271020
 8415.0  0.267962  0.017614  0.000000  0.267962
 8420.0  0.265418  0.017159  0.000000  0.265418
 8425.0  0.263973  0.015550  0.000000  0.263973
 8430.0  0.263514  0.013369  0.000000  0.263514
 8435.0  0.263751  0.011360  0.000000  0.263751
 8440.0  0.264396  0.010272  0.000000  0.264396
 8445.0  0.265166  0.010576  0.000000  0.265166
 8450.0  0.265810  0.011650  0.000000  0.265810
 8455.0  0.266083  0.012599  0.000000  0.266083
 8460.0  0.265739  0.012527  0.000000  0.265739
 8465.0  0.264666  0.010854  0.000000  0.264666
 8470.0  0.263270  0.008267  0.000000  0.263270
 8475.0  0.262091  0.005768  0.000000  0.262091
 8480.0  0.261667  0.004359  0.000000  0.261667
 8485.0  0.262337  0.004755  0.000000  0.262337
 8490.0  0.263649  0.006517  0.000000  0.263649
 8495.0  0.264949  0.008919  0.000000  0.264949
 8500.0  0.265586  0.011235  0.000000  0.265586
 8505.0  0.265098  0.012873  0.000000  0.265098
 8510.0  0.263794  0.013775  0.000000  0.263794
 8515.0  0.262175  0.014014  0.000000  0.262175
 8520.0  0.260740  0.013666  0.000000  0.260740
 8525.0  0.259868  0.012882  0.000000  0.259868
 8530.0  0.259451  0.012113  0.000000  0.259451
 8535.0  0.259258  0.011887  0.000000  0.259258
 8540.0  0.259059  0.012731  0.000000  0.259059
 8545.0  0.258643  0.014948  0.000000  0.258643
 8550.0  0.257874  0.017944  0.000000  0.257874
 8555.0  0.256636  0.020900  0.000000  0.256636
 8560.0  0.254813  0.022997  0.000000  0.254813
 8565.0  0.252401  0.023618  0.000000  0.252401
 8570.0  0.249849  0.022954  0.000000  0.249849
 8575.0  0.247721  0.021400  0.000000  0.247721
 8580.0  0.246579  0.019347  0.000000  0.246579
 8585.0  0.246852  0.017210  0.000000  0.246852
 8590.0  0.248439  0.015484  0.000000  0.248439
 8595.0  0.251105  0.014687  0.000000  0.251105
 8600.0  0.254617  0.015335  0.000000  0.254617
 8605.0  0.258654  0.017680  0.000000  0.258654
 8610.0  0.262560  0.020910  0.000000  0.262560
 8615.0  0.265595  0.023951  0.000000  0.265595
 8620.0  0.267017  0.025726  0.000000  0.267017
 8625.0  0.266306  0.025454  0.000000  0.266306
 8630.0  0.263825  0.023538  0.000000  0.263825
 8635.0  0.260155  0.020673  0.000000  0.260155
 8640.0  0.255878  0.017555  0.000000  0.255878
 8645.0  0.251627  0.014782  0.000000  0.251627
 8650.0  0.248229  0.012549  0.000000  0.248229
 8655.0  0.246562  0.010954  0.000000  0.246562
 8660.0  0.247501  0.010094  0.000000  0.247501
 8665.0  0.251516  0.010047  0.000000  0.251516
 8670.0  0.257436  0.010826  0.000000  0.257436
 8675.0  0.263686  0.012422  0.000000  0.263686
 8680.0  0.268686  0.014831  0.000000  0.268686
 8685.0  0.271220  0.017927  0.000000  0.271220
 8690.0  0.271522  0.021106  0.000000  0.271522
 8695.0  0.270184  0.023648  0.000000  0.270184
 8700.0  0.267802  0.024829  0.000000  0.267802
 8705.0  0.264874  0.024189  0.000000  0.264874
 8710.0  0.261515  0.022308  0.000000  0.261515
 8715.0  0.257748  0.020026  0.000000  0.257748
 8720.0  0.253593  0.018185  0.000000  0.253593
 8725.0  0.249181  0.017411  0.000000  0.249181
 8730.0  0.245091  0.017466  0.000000  0.245091
 8735.0  0.242010  0.017899  0.000000  0.242010
 8740.0  0.240627  0.018260  0.000000  0.240627
 8745.0  0.241402  0.018188  0.000000  0.241402
 8750.0  0.243889  0.017697  0.000000  0.243889
 8755.0  0.247413  0.016890  0.000000  0.247413
 8760.0  0.251300  0.015873  0.000000  0.251300
 8765.0  0.254974  0.014795  0.000000  0.254974
 8770.0  0.258251  0.013982  0.000000  0.258251
 8775.0  0.261044  0.013804  0.000000  0.261044
 8780.0  0.263269  0.014632  0.000000  0.263269
 8785.0  0.264896  0.016635  0.000000  0.264896
 8790.0  0.266122  0.019182  0.000000  0.266122
 8795.0  0.267199  0.021440  0.000000  0.267199
 8800.0  0.268380  0.022577  0.000000  0.268380
 8805.0  0.269722  0.021988  0.000000  0.269722
 8810.0  0.270496  0.019982  0.000000  0.270496
 8815.0  0.269776  0.017094  0.000000  0.269776
 8820.0  0.266637  0.013858  0.000000  0.266637
 8825.0  0.260529  0.010793  0.000000  0.260529
 8830.0  0.252411  0.008337  0.000000  0.252411
 8835.0  0.243620  0.006913  0.000000  0.243620
 8840.0  0.235490  0.006942  0.000000  0.235490
 8845.0  0.229142  0.008613  0.000000  0.229142
 8850.0  0.224834  0.011183  0.000000  0.224834
 8855.0  0.222611  0.013679  0.000000  0.222611
 8860.0  0.222517  0.015124  0.000000  0.222517
 8865.0  0.224481  0.014877  0.000000  0.224481
 8870.0  0.227981  0.013627  0.000000  0.227981
 8875.0  0.232383  0.012394  0.000000  0.232383
 8880.0  0.237050  0.012199  0.000000  0.237050
 8885.0  0.241411  0.013744  0.000000  0.241411
 8890.0  0.245140  0.016443  0.000000  0.245140
 8895.0  0.247977  0.019393  0.000000  0.247977
 8900.0  0.249660  0.021689  0.000000  0.249660
 8905.0  0.250068  0.022708  0.000000  0.250068
 8910.0  0.249629  0.022959  0.000000  0.249629
 8915.0  0.248912  0.023231  0.000000  0.248912
 8920.0  0.248485  0.024314  0.000000  0.248485
 8925.0  0.248733  0.026715  0.000000  0.248733
 8930.0  0.249300  0.029803  0.000000  0.249300
 8935.0  0.249646  0.032667  0.000000  0.249646
 8940.0  0.249232  0.034394  0.000000  0.249232
 8945.0  0.247671  0.034354  0.000000  0.247671
 8950.0  0.245185  0.033051  0.000000  0.245185
 8955.0  0.242151  0.031272  0.000000  0.242151
 8960.0  0.238944  0.029806  0.000000  0.238944
 8965.0  0.235799  0.029186  0.000000  0.235799
 8970.0  0.232388  0.028929  0.000000  0.232388
 8975.0  0.228240  0.028296  0.000000  0.228240
 8980.0  0.222885  0.026551  0.000000  0.222885
 8985.0  0.216174  0.023245  0.000000  0.216174
 8990.0  0.209241  0.019083  0.000000  0.209241
 8995.0  0.203543  0.015056  0.000000  0.203543
 9000.0  0.200537  0.012157  0.000000  0.200537
 9005.0  0.201282  0.011112  0.000000  0.201282
 9010.0  0.205255  0.011577  0.000000  0.205255
 9015.0  0.211539  0.012939  0.000000  0.211539
 9020.0  0.219214  0.014587  0.000000  0.219214
 9025.0  0.227329  0.016017  0.000000  0.227329
 9030.0  0.234801  0.017148  0.000000  0.234801
 9035.0  0.240512  0.018008  0.000000  0.240512
 9040.0  0.243347  0.018624  0.000000  0.243347
 9045.0  0.242640  0.019043  0.000000  0.242640
 9050.0  0.239536  0.019386  0.000000  0.239536
 9055.0  0.235633  0.019794  0.000000  0.235633
 9060.0  0.232527  0.020406  0.000000  0.232527
 9065.0  0.231428  0.021316  0.000000  0.231428
 9070.0  0.231996  0.022419  0.000000  0.231996
 9075.0  0.233504  0.023566  0.000000  0.233504
 9080.0  0.235223  0.024604  0.000000  0.235223
 9085.0  0.236589  0.025402  0.000000  0.236589
 9090.0  0.237681  0.025900  0.000000  0.237681
 9095.0  0.238742  0.026059  0.000000  0.238742
 9100.0  0.240012  0.025839  0.000000  0.240012
 9105.0  0.241583  0.025234  0.000000  0.241583
 9110.0  0.242938  0.024370  0.000000  0.242938
 9115.0  0.243412  0.023410  0.000000  0.243412
 9120.0  0.242335  0.022515  0.000000  0.242335
 9125.0  0.239309  0.021841  0.000000  0.239309
 9130.0  0.234998  0.021522  0.000000  0.234998
 9135.0  0.230332  0.021687  0.000000  0.230332
 9140.0  0.226244  0.022465  0.000000  0.226244
 9145.0  0.223501  0.023848  0.000000  0.223501
 9150.0  0.222220  0.025285  0.000000  0.222220
 9155.0  0.222357  0.026089  0.000000  0.222357
 9160.0  0.223865  0.025573  0.000000  0.223865
 9165.0  0.226493  0.023347  0.000000  0.226493
 9170.0  0.229160  0.020211  0.000000  0.229160
 9175.0  0.230578  0.017264  0.000000  0.230578
 9180.0  0.229459  0.015604  0.000000  0.229459
 9185.0  0.224986  0.015949  0.000000  0.224986
 9190.0  0.218220  0.017495  0.000000  0.218220
 9195.0  0.210693  0.019063  0.000000  0.210693
 9200.0  0.203934  0.019469  0.000000  0.203934
 9205.0  0.199167  0.017907  0.000000  0.199167
 9210.0  0.196370  0.015077  0.000000  0.196370
 9215.0  0.195216  0.012054  0.000000  0.195216
 9220.0  0.195373  0.009913  0.000000  0.195373
 9225.0  0.196505  0.009419  0.000000  0.196505
 9230.0  0.198245  0.010103  0.000000  0.198245
 9235.0  0.200216  0.011188  0.000000  0.200216
 9240.0  0.202042  0.011894  0.000000  0.202042
 9245.0  0.203505  0.011738  0.000000  0.203505
 9250.0  0.205013  0.011417  0.000000  0.205013
 9255.0  0.207127  0.011923  0.000000  0.207127
 9260.0  0.210414  0.014247  0.000000  0.210414
 9265.0  0.215137  0.019023  0.000000  0.215137
 9270.0  0.220375  0.025448  0.000000  0.220375
 9275.0  0.224905  0.032361  0.000000  0.224905
 9280.0  0.227507  0.038599  0.000000  0.227507
 9285.0  0.227314  0.043244  0.000000  0.227314
 9290.0  0.224878  0.046345  0.000000  0.224878
 9295.0  0.221104  0.048196  0.000000  0.221104
 9300.0  0.216899  0.049089  0.000000  0.216899
 9305.0  0.213103  0.049313  0.000000  0.213103
 9310.0  0.210296  0.049151  0.000000  0.210296
 9315.0  0.208990  0.048882  0.000000  0.208990
 9320.0  0.209698  0.048783  0.000000  0.209698
 9325.0  0.212620  0.049028  0.000000  0.212620
 9330.0  0.216698  0.049359  0.000000  0.216698
 9335.0  0.220559  0.049413  0.000000  0.220559
 9340.0  0.222830  0.048826  0.000000  0.222830
 9345.0  0.222531  0.047322  0.000000  0.222531
 9350.0  0.220245  0.044979  0.000000  0.220245
 9355.0  0.216946  0.041960  0.000000  0.216946
 9360.0  0.213606  0.038430  0.000000  0.213606
 9365.0  0.211103  0.034626  0.000000  0.211103
 9370.0  0.209922  0.031077  0.000000  0.209922
 9375.0  0.210450  0.028383  0.000000  0.210450
 9380.0  0.213073  0.027146  0.000000  0.213073
 9385.0  0.217805  0.027746  0.000000  0.217805
 9390.0  0.223155  0.029672  0.000000  0.223155
 9395.0  0.227256  0.032194  0.000000  0.227256
 9400.0  0.228244  0.034579  0.000000  0.228244
 9405.0  0.224853  0.036241  0.000000  0.224853
 9410.0  0.218226  0.037167  0.000000  0.218226
 9415.0  0.210107  0.037490  0.000000  0.210107
 9420.0  0.202240  0.037343  0.000000  0.202240
 9425.0  0.196093  0.036817  0.000000  0.196093
 9430.0  0.192032  0.035845  0.000000  0.192032
 9435.0  0.190150  0.034318  0.000000  0.190150
 9440.0  0.190538  0.032128  0.000000  0.190538
 9445.0  0.193110  0.029348  0.000000  0.193110
 9450.0  0.197064  0.026773  0.000000  0.197064
 9455.0  0.201421  0.025381  0.000000  0.201421
 9460.0  0.205202  0.026149  0.000000  0.205202
 9465.0  0.207591  0.029677  0.000000  0.207591
 9470.0  0.208436  0.035050  0.000000  0.208436
 9475.0  0.207750  0.040979  0.000000  0.207750
 9480.0  0.205545  0.046173  0.000000  0.205545
 9485.0  0.201929  0.049531  0.000000  0.201929
 9490.0  0.197387  0.050701  0.000000  0.197387
 9495.0  0.192500  0.049524  0.000000  0.192500
 9500.0  0.187850  0.045838  0.000000  0.187850
 9505.0  0.183892  0.039771  0.000000  0.183892
 9510.0  0.180586  0.032611  0.000000  0.180586
 9515.0  0.177768  0.025935  0.000000  0.177768
 9520.0  0.175272  0.021320  0.000000  0.175272
 9525.0  0.173022  0.019861  0.000000  0.173022
 9530.0  0.171299  0.020726  0.000000  0.171299
 9535.0  0.170470  0.022604  0.000000  0.170470
 9540.0  0.170906  0.024180  0.000000  0.170906
 9545.0  0.172845  0.024500  0.000000  0.172845
 9550.0  0.176003  0.024039  0.000000  0.176003
 9555.0  0.179964  0.023630  0.000000  0.179964
 9560.0  0.184316  0.024105  0.000000  0.184316
 9565.0  0.188655  0.026014  0.000000  0.188655
 9570.0  0.192623  0.028772  0.000000  0.192623
 9575.0  0.195873  0.031511  0.000000  0.195873
 9580.0  0.198058  0.033361  0.000000  0.198058
 9585.0  0.198941  0.033702  0.000000  0.198941
 9590.0  0.198721  0.032894  0.000000  0.198721
 9595.0  0.197708  0.031543  0.000000  0.197708
 9600.0  0.196212  0.030258  0.000000  0.196212
 9605.0  0.194529  0.029480  0.000000  0.194529
 9610.0  0.192905  0.028998  0.000000  0.192905
 9615.0  0.191574  0.028436  0.000000  0.191574
 9620.0  0.190769  0.027417  0.000000  0.190769
 9625.0  0.190635  0.025710  0.000000  0.190635
 9630.0  0.190958  0.023664  0.000000  0.190958
 9635.0  0.191440  0.021772  0.000000  0.191440
 9640.0  0.191778  0.020528  0.000000  0.191778
 9645.0  0.191766  0.020289  0.000000  0.191766
 9650.0  0.191573  0.020870  0.000000  0.191573
 9655.0  0.191465  0.021952  0.000000  0.191465
 9660.0  0.191705  0.023213  0.000000  0.191705
 9665.0  0.192434  0.024311  0.000000  0.192434
 9670.0  0.193292  0.024814  0.000000  0.193292
 9675.0  0.193796  0.024268  0.000000  0.193796
 9680.0  0.193463  0.022219  0.000000  0.193463
 9685.0  0.192013  0.018551  0.000000  0.192013
 9690.0  0.189985  0.014497  0.000000  0.189985
 9695.0  0.188120  0.011629  0.000000  0.188120
 9700.0  0.187159  0.011519  0.000000  0.187159
 9705.0  0.187602  0.015093  0.000000  0.187602
 9710.0  0.188971  0.020702  0.000000  0.188971
 9715.0  0.190548  0.026052  0.000000  0.190548
 9720.0  0.191613  0.028847  0.000000  0.191613
 9725.0  0.191654  0.027544  0.000000  0.191654
 9730.0  0.190991  0.023601  0.000000  0.190991
 9735.0  0.190151  0.019226  0.000000  0.190151
 9740.0  0.189663  0.016627  0.000000  0.189663
 9745.0  0.189894  0.017353  0.000000  0.189894
 9750.0  0.190570  0.020307  0.000000  0.190570
 9755.0  0.191257  0.023737  0.000000  0.191257
 9760.0  0.191524  0.025887  0.000000  0.191524
 9765.0  0.191056  0.025517  0.000000  0.191056
 9770.0  0.190023  0.023446  0.000000  0.190023
 9775.0  0.188714  0.021007  0.000000  0.188714
 9780.0  0.187420  0.019534  0.000000  0.187420
 9785.0  0.186361  0.019950  0.000000  0.186361
 9790.0  0.185486  0.021534  0.000000  0.185486
 9795.0  0.184674  0.023157  0.000000  0.184674
 9800.0  0.183805  0.023687  0.000000  0.183805
 9805.0  0.182811  0.022353  0.000000  0.182811
 9810.0  0.181838  0.019817  0.000000  0.181838
 9815.0  0.181086  0.017101  0.000000  0.181086
 9820.0  0.180754  0.015223  0.000000  0.180754
 9825.0  0.180953  0.014907  0.000000  0.180953
 9830.0  0.181445  0.015674  0.000000  0.181445
 9835.0  0.181905  0.016747  0.000000  0.181905
 9840.0  0.182004  0.017348  0.000000  0.182004
 9845.0  0.181517  0.016942  0.000000  0.181517
 9850.0  0.180613  0.015968  0.000000  0.180613
 9855.0  0.179560  0.015105  0.000000  0.179560
 9860.0  0.178626  0.015033  0.000000  0.178626
 9865.0  0.178021  0.016191  0.000000  0.178021
 9870.0  0.177716  0.018046  0.000000  0.177716
 9875.0  0.177626  0.019824  0.000000  0.177626
 9880.0  0.177665  0.020751  0.000000  0.177665
 9885.0  0.177761  0.020295  0.000000  0.177761
 9890.0  0.177902  0.018910  0.000000  0.177902
 9895.0  0.178093  0.017290  0.000000  0.178093
 9900.0  0.178337  0.016134  0.000000  0.178337
 9905.0  0.178633  0.015970  0.000000  0.178633
 9910.0  0.178951  0.016664  0.000000  0.178951
 9915.0  0.179259  0.017915  0.000000  0.179259
 9920.0  0.179522  0.019422  0.000000  0.179522
 9925.0  0.179686  0.020880  0.000000  0.179686
 9930.0  0.179630  0.021968  0.000000  0.179630
 9935.0  0.179210  0.022360  0.000000  0.179210
 9940.0  0.178286  0.021730  0.000000  0.178286
 9945.0  0.176818  0.019953  0.000000  0.176818
 9950.0  0.175183  0.017699  0.000000  0.175183
 9955.0  0.173859  0.015838  0.000000  0.173859
 9960.0  0.173324  0.015240  0.000000  0.173324
 9965.0  0.173866  0.016490  0.000000  0.173866
 9970.0  0.175000  0.019042  0.000000  0.175000
 9975.0  0.176049  0.022062  0.000000  0.176049
 9980.0  0.176337  0.024718  0.000000  0.176337
 9985.0  0.175348  0.026325  0.000000  0.175348
 9990.0  0.173214  0.026786  0.000000  0.173214
 9995.0  0.170231  0.026152  0.000000  0.170231
10000.0  0.166692  0.024474  0.000000  0.166692
10005.0  0.162865  0.021871  0.000000  0.162865
10010.0  0.158918  0.018734  0.000000  0.158918
10015.0  0.154993  0.015523  0.000000  0.154993
10020.0  0.151233  0.012698  0.000000  0.151233
10025.0  0.147811  0.010617  0.000000  0.147811
10030.0  0.145028  0.009219  0.000000  0.145028
10035.0  0.143215  0.008342  0.000000  0.143215
10040.0  0.142704  0.007824  0.000000  0.142704
10045.0  0.143701  0.007546  0.000000  0.143701
10050.0  0.145909  0.007565  0.000000  0.145909
10055.0  0.148902  0.007980  0.000000  0.148902
10060.0  0.152258  0.008895  0.000000  0.152258
10065.0  0.155565  0.010375  0.000000  0.155565
10070.0  0.158464  0.012359  0.000000  0.158464
10075.0  0.160610  0.014752  0.000000  0.160610
10080.0  0.161657  0.017457  0.000000  0.161657
10085.0  0.161431  0.020300  0.000000  0.161431
10090.0  0.160435  0.022790  0.000000  0.160435
10095.0  0.159347  0.024355  0.000000  0.159347
10100.0  0.158842  0.024426  0.000000  0.158842
10105.0  0.159405  0.022698  0.000000  0.159405
10110.0  0.160755  0.019938  0.000000  0.160755
10115.0  0.162420  0.017178  0.000000  0.162420
10120.0  0.163928  0.015454  0.000000  0.163928
10125.0  0.164915  0.015473  0.000000  0.164915
10130.0  0.165439  0.016654  0.000000  0.165439
10135.0  0.165666  0.018090  0.000000  0.165666
10140.0  0.165763  0.018876  0.000000  0.165763
10145.0  0.165841  0.018350  0.000000  0.165841
10150.0  0.165795  0.016832  0.000000  0.165795
10155.0  0.165468  0.014886  0.000000  0.165468
10160.0  0.164699  0.013077  0.000000  0.164699
10165.0  0.163433  0.011900  0.000000  0.163433
10170.0  0.162024  0.011567  0.000000  0.162024
10175.0  0.160928  0.012221  0.000000  0.160928
10180.0  0.160601  0.014006  0.000000  0.160601
10185.0  0.161326  0.016920  0.000000  0.161326
10190.0  0.162682  0.020380  0.000000  0.162682
10195.0  0.164073  0.023660  0.000000  0.164073
10200.0  0.164905  0.026033  0.000000  0.164905
10205.0  0.164736  0.026954  0.000000  0.164736
10210.0  0.163735  0.026605  0.000000  0.163735
10215.0  0.162224  0.025351  0.000000  0.162224
10220.0  0.160527  0.023557  0.000000  0.160527
10225.0  0.158945  0.021609  0.000000  0.158945
10230.0  0.157709  0.019980  0.000000  0.157709
10235.0  0.157028  0.019165  0.000000  0.157028
10240.0  0.157112  0.019659  0.000000  0.157112
10245.0  0.158057  0.021676  0.000000  0.158057
10250.0  0.159505  0.024310  0.000000  0.159505
10255.0  0.160983  0.026372  0.000000  0.160983
10260.0  0.162020  0.026674  0.000000  0.162020
10265.0  0.162268  0.024453  0.000000  0.162268
10270.0  0.161873  0.020636  0.000000  0.161873
10275.0  0.161108  0.016571  0.000000  0.161108
10280.0  0.160243  0.013610  0.000000  0.160243
10285.0  0.159489  0.012752  0.000000  0.159489
10290.0  0.158817  0.013597  0.000000  0.158817
10295.0  0.158134  0.015395  0.000000  0.158134
10300.0  0.157351  0.017395  0.000000  0.157351
10305.0  0.156414  0.018987  0.000000  0.156414
10310.0  0.155425  0.020116  0.000000  0.155425
10315.0  0.154524  0.020868  0.000000  0.154524
10320.0  0.153850  0.021327  0.000000  0.153850
10325.0  0.153488  0.021544  0.000000  0.153488
10330.0  0.153303  0.021426  0.000000  0.153303
10335.0  0.153103  0.020845  0.000000  0.153103
10340.0  0.152697  0.019674  0.000000  0.152697
10345.0  0.151971  0.017912  0.000000  0.151971
10350.0  0.151113  0.016080  0.000000  0.151113
10355.0  0.150386  0.014824  0.000000  0.150386
10360.0  0.150054  0.014792  0.000000  0.150054
10365.0  0.150294  0.016382  0.000000  0.150294
10370.0  0.150931  0.018995  0.000000  0.150931
10375.0  0.151704  0.021783  0.000000  0.151704
10380.0  0.152350  0.023896  0.000000  0.152350
10385.0  0.152659  0.024671  0.000000  0.152659
10390.0  0.152632  0.024185  0.000000  0.152632
10395.0  0.152320  0.022698  0.000000  0.152320
10400.0  0.151776  0.020472  0.000000  0.151776
10405.0  0.151034  0.017780  0.000000  0.151034
10410.0  0.150059  0.014946  0.000000  0.150059
10415.0  0.148796  0.012307  0.000000  0.148796
10420.0  0.147192  0.010199  0.000000  0.147192
10425.0  0.145270  0.008873  0.000000  0.145270
10430.0  0.143357  0.008234  0.000000  0.143357
10435.0  0.141857  0.008105  0.000000  0.141857
10440.0  0.141173  0.008304  0.000000  0.141173
10445.0  0.141590  0.008710  0.000000  0.141590
10450.0  0.142918  0.009430  0.000000  0.142918
10455.0  0.144848  0.010626  0.000000  0.144848
10460.0  0.147068  0.012464  0.000000  0.147068
10465.0  0.149261  0.014983  0.000000  0.149261
10470.0  0.151061  0.017728  0.000000  0.151061
10475.0  0.152095  0.020121  0.000000  0.152095
10480.0  0.151989  0.021585  0.000000  0.151989
10485.0  0.150520  0.021686  0.000000  0.150520
10490.0  0.148073  0.020576  0.000000  0.148073
10495.0  0.145182  0.018549  0.000000  0.145182
10500.0  0.142385  0.015903  0.000000  0.142385
10505.0  0.140141  0.013017  0.000000  0.140141
10510.0  0.138612  0.010606  0.000000  0.138612
10515.0  0.137887  0.009470  0.000000  0.137887
10520.0  0.138053  0.010408  0.000000  0.138053
10525.0  0.139120  0.013820  0.000000  0.139120
10530.0  0.140793  0.018516  0.000000  0.140793
10535.0  0.142699  0.022904  0.000000  0.142699
10540.0  0.144466  0.025396  0.000000  0.144466
10545.0  0.145739  0.024892  0.000000  0.145739
10550.0  0.146233  0.022254  0.000000  0.146233
10555.0  0.145683  0.018834  0.000000  0.145683
10560.0  0.143821  0.015987  0.000000  0.143821
10565.0  0.140615  0.014728  0.000000  0.140615
10570.0  0.136960  0.014738  0.000000  0.136960
10575.0  0.133988  0.015361  0.000000  0.133988
10580.0  0.132828  0.015943  0.000000  0.132828
10585.0  0.134208  0.015997  0.000000  0.134208
10590.0  0.137244  0.015718  0.000000  0.137244
10595.0  0.140651  0.015470  0.000000  0.140651
10600.0  0.143143  0.015618  0.000000  0.143143
10605.0  0.143740  0.016435  0.000000  0.143740
10610.0  0.142687  0.017822  0.000000  0.142687
10615.0  0.140534  0.019588  0.000000  0.140534
10620.0  0.137831  0.021545  0.000000  0.137831
