 1150.0  0.000000  0.000000 -0.000000  0.000000
 1155.0  0.000000  0.000000 -0.000000  0.000000
 1160.0  0.000000  0.000000 -0.000000  0.000000
 1165.0  0.000000  0.000000 -0.000000  0.000000
 1170.0  0.000000  0.000000 -0.000000  0.000000
 1175.0  0.000000  0.000000 -0.000000  0.000000
 1180.0  0.000000  0.000000 -0.000000  0.000000
 1185.0  0.000000  0.000000 -0.000000  0.000000
 1190.0  0.000000  0.000000 -0.000000  0.000000
 1195.0  0.000000  0.000000 -0.000000  0.000000
 1200.0  0.000000  0.000000  0.000000  0.000000
 1205.0  0.000000  0.000000  0.000000  0.000000
 1210.0  0.000000  0.000000  0.000000  0.000000
 1215.0  0.000000  0.000000  0.000000  0.000000
 1220.0  0.000000  0.000000  0.000000  0.000000
 1225.0  0.000000  0.000000  0.000000  0.000000
 1230.0  0.000000  0.000000  0.000000  0.000000
 1235.0  0.000000  0.000000  0.000000  0.000000
 1240.0  0.000000  0.000000  0.000000  0.000000
 1245.0  0.000000  0.000000  0.000000  0.000000
 1250.0  0.000000  0.000000  0.000000  0.000000
 1255.0  0.000000  0.000000 -0.000000  0.000000
 1260.0  0.000000  0.000000 -0.000000  0.000000
 1265.0  0.000000  0.000000 -0.000000  0.000000
 1270.0  0.000000  0.000000 -0.000000  0.000000
 1275.0  0.000000  0.000000 -0.000000  0.000000
 1280.0  0.000000  0.000000 -0.000000  0.000000
 1285.0  0.000000  0.000000 -0.000000  0.000000
 1290.0  0.000000  0.000000 -0.000000  0.000000
 1295.0  0.000000  0.000000 -0.000000  0.000000
 1300.0  0.000000  0.000000  0.000000  0.000000
 1305.0  0.000000  0.000000  0.000000  0.000000
 1310.0  0.000000  0.000000  0.000000  0.000000
 1315.0  0.000000  0.000000  0.000000  0.000000
 1320.0  0.000000  0.000000  0.000000  0.000000
 1325.0  0.000000  0.000000  0.000000  0.000000
 1330.0  0.000000  0.000000  0.000000  0.000000
 1335.0  0.000000  0.000000  0.000000  0.000000
 1340.0  0.000000  0.000000  0.000000  0.000000
 1345.0  0.000000  0.000000  0.000000  0.000000
 1350.0  0.000000  0.000000  0.000000  0.000000
 1355.0  0.000000  0.000000 -0.000000  0.000000
 1360.0  0.000000  0.000000 -0.000000  0.000000
 1365.0  0.000000  0.000000 -0.000000  0.000000
 1370.0  0.000000  0.000000 -0.000000  0.000000
 1375.0  0.000000  0.000000 -0.000000  0.000000
 1380.0  0.000000  0.000000 -0.000000  0.000000
 1385.0  0.000000  0.000000 -0.000000  0.000000
 1390.0  0.000000  0.000000 -0.000000  0.000000
 1395.0  0.000000  0.000000 -0.000000  0.000000
 1400.0  0.000000  0.000000  0.000000  0.000000
 1405.0  0.000000  0.000000  0.000000  0.000000
 1410.0  0.000000  0.000000  0.000000  0.000000
 1415.0  0.000000  0.000000  0.000000  0.000000
 1420.0  0.000000  0.000000  0.000000  0.000000
 1425.0  0.000000  0.000000  0.000000  0.000000
 1430.0  0.000000  0.000000  0.000000  0.000000
 1435.0  0.000000  0.000000  0.000000  0.000000
 1440.0  0.000000  0.000000  0.000000  0.000000
 1445.0  0.000000  0.000000  0.000000  0.000000
 1450.0  0.000000  0.000000  0.000000  0.000000
 1455.0  0.000000  0.000000 -0.000000  0.000000
 1460.0  0.000000  0.000000 -0.000000  0.000000
 1465.0  0.000000  0.000000 -0.000000  0.000000
 1470.0  0.000000  0.000000 -0.000000  0.000000
 1475.0  0.000000  0.000000 -0.000000  0.000000
 1480.0  0.000000  0.000000 -0.000000  0.000000
 1485.0  0.000000  0.000000 -0.000000  0.000000
 1490.0  0.000000  0.000000 -0.000000  0.000000
 1495.0  0.000000  0.000000 -0.000000  0.000000
 1500.0  0.000000  0.000000  0.000000  0.000000
 1505.0  0.000000  0.000000  0.000000  0.000000
 1510.0  0.000000  0.000000  0.000000  0.000000
 1515.0  0.000000  0.000000  0.000000  0.000000
 1520.0  0.000000  0.000000  0.000000  0.000000
 1525.0  0.000000  0.000000  0.000000  0.000000
 1530.0  0.000000  0.000000  0.000000  0.000000
 1535.0  0.000000  0.000000  0.000000  0.000000
 1540.0  0.000000  0.000000  0.000000  0.000000
 1545.0  0.000000  0.000000  0.000000  0.000000
 1550.0  0.000000  0.000000  0.000000  0.000000
 1555.0  0.000000  0.000000 -0.000000  0.000000
 1560.0  0.000000  0.000000 -0.000000  0.000000
 1565.0  0.000000  0.000000 -0.000000  0.000000
 1570.0  0.000000  0.000000 -0.000000  0.000000
 1575.0  0.000000  0.000000 -0.000000  0.000000
 1580.0  0.000000  0.000000 -0.000000  0.000000
 1585.0  0.000000  0.000000 -0.000000  0.000000
 1590.0  0.000000  0.000000 -0.000000  0.000000
 1595.0  0.000000  0.000000 -0.000000  0.000000
 1600.0  0.000000  0.000000  0.000000  0.000000
 1605.0  0.000000  0.000000  0.000000  0.000000
 1610.0  0.000000  0.000000  0.000000  0.000000
 1615.0  0.000000  0.000000  0.000000  0.000000
 1620.0  0.000000  0.000000  0.000000  0.000000
 1625.0  0.000000  0.000000  0.000000  0.000000
 1630.0  0.000000  0.000000  0.000000  0.000000
 1635.0  0.000000  0.000000  0.000000  0.000000
 1640.0  0.000000  0.000000  0.000000  0.000000
 1645.0  0.000000  0.000000  0.000000  0.000000
 1650.0  0.000000  0.000000  0.000000  0.000000
 1655.0  0.000000  0.000000 -0.000000  0.000000
 1660.0  0.000000  0.000000 -0.000000  0.000000
 1665.0  0.000000  0.000000 -0.000000  0.000000
 1670.0  0.000000  0.000000 -0.000000  0.000000
 1675.0  0.000000  0.000000 -0.000000  0.000000
 1680.0  0.000000  0.000000 -0.000000  0.000000
 1685.0  0.000000  0.000000 -0.000000  0.000000
 1690.0  0.000000  0.000000 -0.000000  0.000000
 1695.0  0.000000  0.000000 -0.000000  0.000000
 1700.0  0.000000  0.000000  0.000000  0.000000
 1705.0  0.000000  0.000000  0.000000  0.000000
 1710.0  0.000000  0.000000  0.000000  0.000000
 1715.0  0.000000  0.000000  0.000000  0.000000
 1720.0  0.000000  0.000000  0.000000  0.000000
 1725.0  0.000000  0.000000  0.000000  0.000000
 1730.0  0.000000  0.000000  0.000000  0.000000
 1735.0  0.000000  0.000000  0.000000  0.000000
 1740.0  0.000000  0.000000  0.000000  0.000000
 1745.0  0.000000  0.000000  0.000000  0.000000
 1750.0  0.000000  0.000000  0.000000  0.000000
 1755.0  0.000000  0.000000 -0.000000  0.000000
 1760.0  0.000000  0.000000 -0.000000  0.000000
 1765.0  0.000000  0.000000 -0.000000  0.000000
 1770.0  0.000000  0.000000 -0.000000  0.000000
 1775.0  0.000000  0.000000 -0.000000  0.000000
 1780.0  0.000000  0.000000 -0.000000  0.000000
 1785.0  0.000000  0.000000 -0.000000  0.000000
 1790.0  0.000000  0.000000 -0.000000  0.000000
 1795.0  0.000000  0.000000 -0.000000  0.000000
 1800.0  0.000000  0.000000  0.000000  0.000000
 1805.0  0.000000  0.000000  0.000000  0.000000
 1810.0  0.000000  0.000000  0.000000  0.000000
 1815.0  0.000000  0.000000  0.000000  0.000000
 1820.0  0.000000  0.000000  0.000000  0.000000
 1825.0  0.000000  0.000000  0.000000  0.000000
 1830.0  0.000000  0.000000  0.000000  0.000000
 1835.0  0.000000  0.000000  0.000000  0.000000
 1840.0  0.000000  0.000000  0.000000  0.000000
 1845.0  0.000000  0.000000  0.000000  0.000000
 1850.0  0.000000  0.000000  0.000000  0.000000
 1855.0  0.000000  0.000000 -0.000000  0.000000
 1860.0  0.000000  0.000000 -0.000000  0.000000
 1865.0  0.000000  0.000000 -0.000000  0.000000
 1870.0  0.000000  0.000000 -0.000000  0.000000
 1875.0  0.000000  0.000000 -0.000000  0.000000
 1880.0  0.000000  0.000000 -0.000000  0.000000
 1885.0  0.000000  0.000000 -0.000000  0.000000
 1890.0  0.000000  0.000000 -0.000000  0.000000
 1895.0  0.000000  0.000000 -0.000000  0.000000
 1900.0  0.000000  0.000000  0.000000  0.000000
 1905.0  0.000000  0.000000  0.000000  0.000000
 1910.0  0.000000  0.000000  0.000000  0.000000
 1915.0  0.000000  0.000000  0.000000  0.000000
 1920.0  0.000000  0.000000  0.000000  0.000000
 1925.0  0.000000  0.000000  0.000000  0.000000
 1930.0  0.000000  0.000000  0.000000  0.000000
 1935.0  0.000000  0.000000  0.000000  0.000000
 1940.0  0.000000  0.000000  0.000000  0.000000
 1945.0  0.000000  0.000000  0.000000  0.000000
 1950.0  0.000000  0.000000  0.000000  0.000000
 1955.0  0.000000  0.000000 -0.000000  0.000000
 1960.0  0.000000  0.000000 -0.000000  0.000000
 1965.0  0.000000  0.000000 -0.000000  0.000000
 1970.0  0.000000  0.000000 -0.000000  0.000000
 1975.0  0.000000  0.000000 -0.000000  0.000000
 1980.0  0.000000  0.000000 -0.000000  0.000000
 1985.0  0.000000  0.000000 -0.000000  0.000000
 1990.0  0.000000  0.000000 -0.000000  0.000000
 1995.0  0.000000  0.000000 -0.000000  0.000000
 2000.0  0.000000  0.000000  0.000000  0.000000
 2005.0  0.000000  0.000000  0.000000  0.000000
 2010.0  0.000000  0.000000  0.000000  0.000000
 2015.0  0.000000  0.000000  0.000000  0.000000
 2020.0  0.000000  0.000000  0.000000  0.000000
 2025.0  0.000000  0.000000  0.000000  0.000000
 2030.0  0.000000  0.000000  0.000000  0.000000
 2035.0  0.000000  0.000000  0.000000  0.000000
 2040.0  0.000000  0.000000  0.000000  0.000000
 2045.0  0.000000  0.000000  0.000000  0.000000
 2050.0  0.000000  0.000000  0.000000  0.000000
 2055.0  0.000000  0.000000 -0.000000  0.000000
 2060.0  0.000000  0.000000 -0.000000  0.000000
 2065.0  0.000000  0.000000 -0.000000  0.000000
 2070.0  0.000000  0.000000 -0.000000  0.000000
 2075.0  0.000000  0.000000 -0.000000  0.000000
 2080.0  0.000000  0.000000 -0.000000  0.000000
 2085.0  0.000000  0.000000 -0.000000  0.000000
 2090.0  0.000000  0.000000 -0.000000  0.000000
 2095.0  0.000000  0.000000 -0.000000  0.000000
 2100.0  0.000000  0.000000  0.000000  0.000000
 2105.0  0.000000  0.000000  0.000000  0.000000
 2110.0  0.000000  0.000000  0.000000  0.000000
 2115.0  0.000000  0.000000  0.000000  0.000000
 2120.0  0.000000  0.000000  0.000000  0.000000
 2125.0  0.000000  0.000000  0.000000  0.000000
 2130.0  0.000000  0.000000  0.000000  0.000000
 2135.0  0.000000  0.000000  0.000000  0.000000
 2140.0  0.000000  0.000000  0.000000  0.000000
 2145.0  0.000000  0.000000  0.000000  0.000000
 2150.0  0.000000  0.000000  0.000000  0.000000
 2155.0  0.000000  0.000000 -0.000000  0.000000
 2160.0  0.000000  0.000000 -0.000000  0.000000
 2165.0  0.000000  0.000000 -0.000000  0.000000
 2170.0  0.000000  0.000000 -0.000000  0.000000
 2175.0  0.000000  0.000000 -0.000000  0.000000
 2180.0  0.000000  0.000000 -0.000000  0.000000
 2185.0  0.000000  0.000000 -0.000000  0.000000
 2190.0  0.000000  0.000000 -0.000000  0.000000
 2195.0  0.000000  0.000000 -0.000000  0.000000
 2200.0  0.000000  0.000000  0.000000  0.000000
 2205.0  0.000000  0.000000  0.000000  0.000000
 2210.0  0.000000  0.000000  0.000000  0.000000
 2215.0  0.000000  0.000000  0.000000  0.000000
 2220.0  0.000001  0.000000  0.000001  0.000000
 2225.0  0.000001  0.000000  0.000001  0.000000
 2230.0  0.000001  0.000000  0.000001  0.000000
 2235.0  0.000001  0.000000  0.000001  0.000000
 2240.0  0.000001  0.000000  0.000001  0.000000
 2245.0  0.000000  0.000000  0.000000  0.000000
 2250.0  0.000000  0.000000  0.000000  0.000000
 2255.0  0.000000  0.000000 -0.000000  0.000000
 2260.0  0.000000  0.000000 -0.000001  0.000000
 2265.0  0.000000  0.000000 -0.000001  0.000000
 2270.0  0.000000  0.000000 -0.000002  0.000000
 2275.0  0.000000  0.000000 -0.000002  0.000000
 2280.0  0.000000  0.000000 -0.000002  0.000000
 2285.0  0.000000  0.000000 -0.000002  0.000000
 2290.0  0.000000  0.000000 -0.000002  0.000000
 2295.0  0.000000  0.000000 -0.000001  0.000000
 2300.0  0.000000  0.000000  0.000000  0.000000
 2305.0  0.000002  0.000000  0.000002  0.000000
 2310.0  0.000004  0.000000  0.000004  0.000000
 2315.0  0.000006  0.000000  0.000006  0.000000
 2320.0  0.000007  0.000000  0.000007  0.000000
 2325.0  0.000009  0.000000  0.000009  0.000000
 2330.0  0.000009  0.000000  0.000009  0.000000
 2335.0  0.000009  0.000000  0.000009  0.000000
 2340.0  0.000007  0.000000  0.000007  0.000000
 2345.0  0.000005  0.000000  0.000005  0.000000
 2350.0  0.000000  0.000000  0.000000  0.000000
 2355.0  0.000000  0.000000 -0.000006  0.000000
 2360.0  0.000000  0.000000 -0.000013  0.000000
 2365.0  0.000000  0.000000 -0.000021  0.000000
 2370.0  0.000000  0.000000 -0.000027  0.000000
 2375.0  0.000000  0.000000 -0.000032  0.000000
 2380.0  0.000000  0.000000 -0.000034  0.000000
 2385.0  0.000000  0.000000 -0.000033  0.000000
 2390.0  0.000000  0.000000 -0.000028  0.000000
 2395.0  0.000000  0.000000 -0.000017  0.000000
 2400.0  0.000000  0.000000  0.000000  0.000000
 2405.0  0.000023  0.000000  0.000023  0.000000
 2410.0  0.000050  0.000000  0.000050  0.000000
 2415.0  0.000077  0.000000  0.000077  0.000000
 2420.0  0.000102  0.000000  0.000102  0.000000
 2425.0  0.000120  0.000000  0.000120  0.000000
 2430.0  0.000128  0.000000  0.000128  0.000000
 2435.0  0.000124  0.000000  0.000124  0.000000
 2440.0  0.000103  0.000000  0.000103  0.000000
 2445.0  0.000063  0.000000  0.000063  0.000000
 2450.0  0.000000  0.000000  0.000000  0.000000
 2455.0  0.000000  0.000000 -0.000087  0.000000
 2460.0  0.000000  0.000000 -0.000187  0.000000
 2465.0  0.000000  0.000000 -0.000289  0.000000
 2470.0  0.000000  0.000000 -0.000380  0.000000
 2475.0  0.000000  0.000000 -0.000447  0.000000
 2480.0  0.000000  0.000000 -0.000479  0.000000
 2485.0  0.000000  0.000000 -0.000462  0.000000
 2490.0  0.000000  0.000000 -0.000385  0.000000
 2495.0  0.000000  0.000000 -0.000235  0.000000
 2500.0  0.000000  0.000000  0.000000  0.000000
 2505.0  0.000327  0.000000  0.000327  0.000000
 2510.0  0.000730  0.000000  0.000730  0.000000
 2515.0  0.001185  0.000000  0.001185  0.000000
 2520.0  0.001671  0.000000  0.001671  0.000000
 2525.0  0.002164  0.000000  0.002164  0.000000
 2530.0  0.002642  0.000000  0.002642  0.000000
 2535.0  0.003082  0.000000  0.003082  0.000000
 2540.0  0.003463  0.000000  0.003463  0.000000
 2545.0  0.003761  0.000000  0.003761  0.000000
 2550.0  0.003954  0.000000  0.003954  0.000000
 2555.0  0.004028  0.000000  0.004028  0.000000
 2560.0  0.004005  0.000000  0.004005  0.000000
 2565.0  0.003915  0.000000  0.003915  0.000000
 2570.0  0.003788  0.000000  0.003788  0.000000
 2575.0  0.003655  0.000000  0.003655  0.000000
 2580.0  0.003545  0.000000  0.003545  0.000000
 2585.0  0.003490  0.000000  0.003490  0.000000
 2590.0  0.003520  0.000000  0.003520  0.000000
 2595.0  0.003664  0.000000  0.003664  0.000000
 2600.0  0.003954  0.000000  0.003954  0.000000
 2605.0  0.004409  0.000000  0.004409  0.000000
 2610.0  0.005013  0.000000  0.005013  0.000000
 2615.0  0.005736  0.000000  0.005736  0.000000
 2620.0  0.006553  0.000000  0.006553  0.000000
 2625.0  0.007435  0.000000  0.007435  0.000000
 2630.0  0.008355  0.000000  0.008355  0.000000
 2635.0  0.009285  0.000000  0.009285  0.000000
 2640.0  0.010198  0.000000  0.010198  0.000000
 2645.0  0.011066  0.000000  0.011066  0.000000
 2650.0  0.011862  0.000000  0.011862  0.000000
 2655.0  0.012563  0.000000  0.012563  0.000000
 2660.0  0.013174  0.000000  0.013174  0.000000
 2665.0  0.013702  0.000000  0.013702  0.000000
 2670.0  0.014156  0.000000  0.014156  0.000000
 2675.0  0.014545  0.000000  0.014545  0.000000
 2680.0  0.014878  0.000000  0.014878  0.000000
 2685.0  0.015162  0.000000  0.015162  0.000000
 2690.0  0.015408  0.000000  0.015408  0.000000
 2695.0  0.015622  0.000000  0.015622  0.000000
 2700.0  0.015815  0.000000  0.015815  0.000000
 2705.0  0.015993  0.000000  0.015993  0.000000
 2710.0  0.016149  0.000000  0.016149  0.000000
 2715.0  0.016279  0.000000  0.016279  0.000000
 2720.0  0.016374  0.000000  0.016374  0.000000
 2725.0  0.016427  0.000000  0.016427  0.000000
 2730.0  0.016431  0.000000  0.016431  0.000000
 2735.0  0.016379  0.000000  0.016379  0.000000
 2740.0  0.016264  0.000000  0.016264  0.000000
 2745.0  0.016078  0.000000  0.016078  0.000000
 2750.0  0.015815  0.000000  0.015815  0.000000
 2755.0  0.015473  0.000000  0.015473  0.000000
 2760.0  0.015065  0.000000  0.015065  0.000000
 2765.0  0.014612  0.000000  0.014612  0.000000
 2770.0  0.014135  0.000000  0.014135  0.000000
 2775.0  0.013653  0.000000  0.013653  0.000000
 2780.0  0.013185  0.000000  0.013185  0.000000
 2785.0  0.012752  0.000000  0.012752  0.000000
 2790.0  0.012374  0.000000  0.012374  0.000000
 2795.0  0.012071  0.000000  0.012071  0.000000
 2800.0  0.011862  0.000000  0.011862  0.000000
 2805.0  0.011767  0.000000  0.011767  0.000000
 2810.0  0.011810  0.000000  0.011810  0.000000
 2815.0  0.012011  0.000000  0.012011  0.000000
 2820.0  0.012395  0.000000  0.012395  0.000000
 2825.0  0.012982  0.000000  0.012982  0.000000
 2830.0  0.013796  0.000000  0.013796  0.000000
 2835.0  0.014860  0.000000  0.014860  0.000000
 2840.0  0.016195  0.000000  0.016195  0.000000
 2845.0  0.017824  0.000000  0.017824  0.000000
 2850.0  0.019769  0.000000  0.019769  0.000000
 2855.0  0.022042  0.000000  0.022042  0.000000
 2860.0  0.024603  0.000000  0.024603  0.000000
 2865.0  0.027402  0.000000  0.027402  0.000000
 2870.0  0.030388  0.000000  0.030388  0.000000
 2875.0  0.033512  0.000000  0.033512  0.000000
 2880.0  0.036723  0.000000  0.036723  0.000000
 2885.0  0.039970  0.000000  0.039970  0.000000
 2890.0  0.043202  0.000000  0.043202  0.000000
 2895.0  0.046370  0.000000  0.046370  0.000000
 2900.0  0.049423  0.000000  0.049423  0.000000
 2905.0  0.052312  0.000000  0.052312  0.000000
 2910.0  0.054996  0.000000  0.054996  0.000000
 2915.0  0.057434  0.000000  0.057434  0.000000
 2920.0  0.059586  0.000000  0.059586  0.000000
 2925.0  0.061412  0.000000  0.061412  0.000000
 2930.0  0.062872  0.000000  0.062872  0.000000
 2935.0  0.063926  0.000000  0.063926  0.000000
 2940.0  0.064533  0.000000  0.064533  0.000000
 2945.0  0.064655  0.000000  0.064655  0.000000
 2950.0  0.064250  0.000000  0.064250  0.000000
 2955.0  0.063306  0.000000  0.063306  0.000000
 2960.0  0.061918  0.000000  0.061918  0.000000
 2965.0  0.060206  0.000000  0.060206  0.000000
 2970.0  0.058294  0.000000  0.058294  0.000000
 2975.0  0.056303  0.000000  0.056303  0.000000
 2980.0  0.054354  0.000000  0.054354  0.000000
 2985.0  0.052570  0.000000  0.052570  0.000000
 2990.0  0.051072  0.000000  0.051072  0.000000
 2995.0  0.049983  0.000000  0.049983  0.000000
 3000.0  0.049423  0.000000  0.049423  0.000000
 3005.0  0.049482  0.000000  0.049482  0.000000
 3010.0  0.050114  0.000000  0.050114  0.000000
 3015.0  0.051238  0.000000  0.051238  0.000000
 3020.0  0.052775  0.000000  0.052775  0.000000
 3025.0  0.054647  0.000000  0.054647  0.000000
 3030.0  0.056772  0.000000  0.056772  0.000000
 3035.0  0.059073  0.000000  0.059073  0.000000
 3040.0  0.061468  0.000000  0.061468  0.000000
 3045.0  0.063880  0.000000  0.063880  0.000000
 3050.0  0.066227  0.000000  0.066227  0.000000
 3055.0  0.068447  0.000000  0.068447  0.000000
 3060.0  0.070536  0.000000  0.070536  0.000000
 3065.0  0.072506  0.000000  0.072506  0.000000
 3070.0  0.074370  0.000000  0.074370  0.000000
 3075.0  0.076140  0.000000  0.076140  0.000000
 3080.0  0.077829  0.000000  0.077829  0.000000
 3085.0  0.079449  0.000000  0.079449  0.000000
 3090.0  0.081013  0.000000  0.081013  0.000000
 3095.0  0.082532  0.000000  0.082532  0.000000
 3100.0  0.084020  0.000000  0.084020  0.000000
 3105.0  0.085487  0.000000  0.085487  0.000000
 3110.0  0.086941  0.000000  0.086941  0.000000
 3115.0  0.088389  0.000000  0.088389  0.000000
 3120.0  0.089835  0.000000  0.089835  0.000000
 3125.0  0.091287  0.000000  0.091287  0.000000
 3130.0  0.092751  0.000000  0.092751  0.000000
 3135.0  0.094233  0.000000  0.094233  0.000000
 3140.0  0.095738  0.000000  0.095738  0.000000
 3145.0  0.097274  0.000000  0.097274  0.000000
 3150.0  0.098847  0.000000  0.098847  0.000000
 3155.0  0.100458  0.000000  0.100458  0.000000
 3160.0  0.107712  0.007948  0.102092  0.113332
 3165.0  0.113008  0.013121  0.103730  0.122286
 3170.0  0.117352  0.016969  0.105352  0.129351
 3175.0  0.119946  0.018393  0.106940  0.132951
 3180.0  0.120619  0.017178  0.108473  0.132766
 3185.0  0.119665  0.013763  0.109932  0.129397
 3190.0  0.118591  0.010313  0.111299  0.125883
 3195.0  0.118812  0.008852  0.112552  0.125071
 3200.0  0.126596  0.000000  0.000000  0.126596
 3205.0  0.129046  0.000000  0.000000  0.129046
 3210.0  0.130034  0.000000  0.000000  0.130034
 3215.0  0.127714  0.000000  0.000000  0.127714
 3220.0  0.123380  0.000000  0.000000  0.123380
 3225.0  0.119112  0.000000  0.000000  0.119112
 3230.0  0.116981  0.000000  0.000000  0.116981
 3235.0  0.118964  0.000000  0.000000  0.118964
 3240.0  0.126655  0.000000  0.000000  0.126655
 3245.0  0.139895  0.000000  0.000000  0.139895
 3250.0  0.151879  0.000000  0.000000  0.151879
 3255.0  0.156767  0.000000  0.000000  0.156767
 3260.0  0.159220  0.000000  0.000000  0.159220
 3265.0  0.164428  0.000000  0.000000  0.164428
 3270.0  0.169212  0.000000  0.000000  0.169212
 3275.0  0.170375  0.000000  0.000000  0.170375
 3280.0  0.173041  0.000000  0.000000  0.173041
 3285.0  0.181873  0.000000  0.000000  0.181873
 3290.0  0.191358  0.000000  0.000000  0.191358
 3295.0  0.194974  0.000000  0.000000  0.194974
 3300.0  0.192335  0.000000  0.000000  0.192335
 3305.0  0.185269  0.000000  0.000000  0.185269
 3310.0  0.178319  0.000000  0.000000  0.178319
 3315.0  0.175485  0.000000  0.000000  0.175485
 3320.0  0.175873  0.000000  0.000000  0.175873
 3325.0  0.177422  0.000000  0.000000  0.177422
 3330.0  0.178297  0.000000  0.000000  0.178297
 3335.0  0.177397  0.000000  0.000000  0.177397
 3340.0  0.176319  0.000000  0.000000  0.176319
 3345.0  0.176269  0.000000  0.000000  0.176269
 3350.0  0.174179  0.000000  0.000000  0.174179
 3355.0  0.167378  0.000000  0.000000  0.167378
 3360.0  0.159053  0.000000  0.000000  0.159053
 3365.0  0.153605  0.000000  0.000000  0.153605
 3370.0  0.154424  0.000000  0.000000  0.154424
 3375.0  0.162685  0.000000  0.000000  0.162685
 3380.0  0.171691  0.000000  0.000000  0.171691
 3385.0  0.175525  0.000000  0.000000  0.175525
 3390.0  0.179262  0.000000  0.000000  0.179262
 3395.0  0.187907  0.000000  0.000000  0.187907
 3400.0  0.195218  0.000000  0.000000  0.195218
 3405.0  0.194776  0.000000  0.000000  0.194776
 3410.0  0.190708  0.000000  0.000000  0.190708
 3415.0  0.188858  0.000000  0.000000  0.188858
 3420.0  0.191380  0.000000  0.000000  0.191380
 3425.0  0.197665  0.000000  0.000000  0.197665
 3430.0  0.199740  0.000000  0.000000  0.199740
 3435.0  0.191471  0.000000  0.000000  0.191471
 3440.0  0.181447  0.000000  0.000000  0.181447
 3445.0  0.179519  0.000000  0.000000  0.179519
 3450.0  0.185841  0.000000  0.000000  0.185841
 3455.0  0.196883  0.000000  0.000000  0.196883
 3460.0  0.204055  0.000000  0.000000  0.204055
 3465.0  0.200932  0.000000  0.000000  0.200932
 3470.0  0.194787  0.000000  0.000000  0.194787
 3475.0  0.193724  0.000000  0.000000  0.193724
 3480.0  0.195468  0.000000  0.000000  0.195468
 3485.0  0.196518  0.000000  0.000000  0.196518
 3490.0  0.198843  0.000000  0.000000  0.198843
 3495.0  0.205075  0.000000  0.000000  0.205075
 3500.0  0.215020  0.000000  0.000000  0.215020
 3505.0  0.226169  0.000000  0.000000  0.226169
 3510.0  0.229588  0.000000  0.000000  0.229588
 3515.0  0.219305  0.000000  0.000000  0.219305
 3520.0  0.207643  0.000000  0.000000  0.207643
 3525.0  0.207460  0.000000  0.000000  0.207460
 3530.0  0.215475  0.000000  0.000000  0.215475
 3535.0  0.224847  0.000000  0.000000  0.224847
 3540.0  0.230635  0.000000  0.000000  0.230635
 3545.0  0.229290  0.000000  0.000000  0.229290
 3550.0  0.220918  0.000000  0.000000  0.220918
 3555.0  0.207413  0.000000  0.000000  0.207413
 3560.0  0.194171  0.000000  0.000000  0.194171
 3565.0  0.185301  0.000000  0.000000  0.185301
 3570.0  0.176260  0.000000  0.000000  0.176260
 3575.0  0.163922  0.000000  0.000000  0.163922
 3580.0  0.159474  0.000000  0.000000  0.159474
 3585.0  0.173233  0.000000  0.000000  0.173233
 3590.0  0.197713  0.000000  0.000000  0.197713
 3595.0  0.221488  0.000000  0.000000  0.221488
 3600.0  0.235165  0.000000  0.000000  0.235165
 3605.0  0.233998  0.000000  0.000000  0.233998
 3610.0  0.229782  0.000000  0.000000  0.229782
 3615.0  0.234511  0.000000  0.000000  0.234511
 3620.0  0.244419  0.000000  0.000000  0.244419
 3625.0  0.252314  0.000000  0.000000  0.252314
 3630.0  0.253052  0.000000  0.000000  0.253052
 3635.0  0.245725  0.000000  0.000000  0.245725
 3640.0  0.244334  0.000000  0.000000  0.244334
 3645.0  0.260615  0.000000  0.000000  0.260615
 3650.0  0.282367  0.000000  0.000000  0.282367
 3655.0  0.295308  0.000000  0.000000  0.295308
 3660.0  0.300798  0.000000  0.000000  0.300798
 3665.0  0.302977  0.000000  0.000000  0.302977
 3670.0  0.301475  0.000000  0.000000  0.301475
 3675.0  0.296334  0.000000  0.000000  0.296334
 3680.0  0.293765  0.000000  0.000000  0.293765
 3685.0  0.298328  0.000000  0.000000  0.298328
 3690.0  0.301835  0.000000  0.000000  0.301835
 3695.0  0.296193  0.000000  0.000000  0.296193
 3700.0  0.286455  0.000000  0.000000  0.286455
 3705.0  0.279295  0.000000  0.000000  0.279295
 3710.0  0.274719  0.000000  0.000000  0.274719
 3715.0  0.270376  0.000000  0.000000  0.270376
 3720.0  0.261146  0.000000  0.000000  0.261146
 3725.0  0.243900  0.000000  0.000000  0.243900
 3730.0  0.226246  0.000000  0.000000  0.226246
 3735.0  0.216583  0.000000  0.000000  0.216583
 3740.0  0.215749  0.000000  0.000000  0.215749
 3745.0  0.222466  0.000000  0.000000  0.222466
 3750.0  0.234556  0.000000  0.000000  0.234556
 3755.0  0.249389  0.000000  0.000000  0.249389
 3760.0  0.263427  0.000000  0.000000  0.263427
 3765.0  0.274399  0.000000  0.000000  0.274399
 3770.0  0.285994  0.000000  0.000000  0.285994
 3775.0  0.299678  0.000000  0.000000  0.299678
 3780.0  0.302061  0.000000  0.000000  0.302061
 3785.0  0.283169  0.000000  0.000000  0.283169
 3790.0  0.261561  0.000000  0.000000  0.261561
 3795.0  0.256357  0.000000  0.000000  0.256357
 3800.0  0.260398  0.000000  0.000000  0.260398
 3805.0  0.260913  0.000000  0.000000  0.260913
 3810.0  0.248956  0.000000  0.000000  0.248956
 3815.0  0.220880  0.000000  0.000000  0.220880
 3820.0  0.190423  0.000000  0.000000  0.190423
 3825.0  0.172650  0.000000  0.000000  0.172650
 3830.0  0.170572  0.000000  0.000000  0.170572
 3835.0  0.181741  0.000000  0.000000  0.181741
 3840.0  0.193927  0.000000  0.000000  0.193927
 3845.0  0.196254  0.000000  0.000000  0.196254
 3850.0  0.193038  0.000000  0.000000  0.193038
 3855.0  0.190981  0.000000  0.000000  0.190981
 3860.0  0.191132  0.000000  0.000000  0.191132
 3865.0  0.193541  0.000000  0.000000  0.193541
 3870.0  0.199908  0.000000  0.000000  0.199908
 3875.0  0.212050  0.000000  0.000000  0.212050
 3880.0  0.230607  0.000000  0.000000  0.230607
 3885.0  0.254509  0.000000  0.000000  0.254509
 3890.0  0.277016  0.000000  0.000000  0.277016
 3895.0  0.292439  0.000000  0.000000  0.292439
 3900.0  0.304972  0.000000  0.000000  0.304972
 3905.0  0.317898  0.000000  0.000000  0.317898
 3910.0  0.321005  0.000000  0.000000  0.321005
 3915.0  0.304431  0.000000  0.000000  0.304431
 3920.0  0.273206  0.000000  0.000000  0.273206
 3925.0  0.237866  0.000000  0.000000  0.237866
 3930.0  0.216081  0.000000  0.000000  0.216081
 3935.0  0.222672  0.000000  0.000000  0.222672
 3940.0  0.253949  0.000000  0.000000  0.253949
 3945.0  0.297434  0.000000  0.000000  0.297434
 3950.0  0.324013  0.000000  0.000000  0.324013
 3955.0  0.311516  0.000000  0.000000  0.311516
 3960.0  0.282186  0.000000  0.000000  0.282186
 3965.0  0.266871  0.000000  0.000000  0.266871
 3970.0  0.286442  0.000000  0.000000  0.286442
 3975.0  0.348976  0.000000  0.000000  0.348976
 3980.0  0.421350  0.000000  0.000000  0.421350
 3985.0  0.469966  0.000000  0.000000  0.469966
 3990.0  0.500518  0.000000  0.000000  0.500518
 3995.0  0.524851  0.000000  0.000000  0.524851
 4000.0  0.540130  0.000000  0.000000  0.540130
 4005.0  0.543424  0.000000  0.000000  0.543424
 4010.0  0.546095  0.000000  0.000000  0.546095
 4015.0  0.558155  0.000000  0.000000  0.558155
 4020.0  0.569899  0.000000  0.000000  0.569899
 4025.0  0.570519  0.000000  0.000000  0.570519
 4030.0  0.564507  0.000000  0.000000  0.564507
 4035.0  0.558505  0.000000  0.000000  0.558505
 4040.0  0.552472  0.000000  0.000000  0.552472
 4045.0  0.545306  0.000000  0.000000  0.545306
 4050.0  0.538364  0.000000  0.000000  0.538364
 4055.0  0.533282  0.000000  0.000000  0.533282
 4060.0  0.530380  0.000000  0.000000  0.530380
 4065.0  0.531191  0.000000  0.000000  0.531191
 4070.0  0.543449  0.000000  0.000000  0.543449
 4075.0  0.570602  0.000000  0.000000  0.570602
 4080.0  0.592762  0.000000  0.000000  0.592762
 4085.0  0.592224  0.000000  0.000000  0.592224
 4090.0  0.583350  0.000000  0.000000  0.583350
 4095.0  0.582996  0.000000  0.000000  0.582996
 4100.0  0.585927  0.000000  0.000000  0.585927
 4105.0  0.583910  0.000000  0.000000  0.583910
 4110.0  0.578823  0.000000  0.000000  0.578823
 4115.0  0.574382  0.000000  0.000000  0.574382
 4120.0  0.571543  0.000000  0.000000  0.571543
 4125.0  0.569755  0.000000  0.000000  0.569755
 4130.0  0.565175  0.000000  0.000000  0.565175
 4135.0  0.555109  0.000000  0.000000  0.555109
 4140.0  0.544743  0.000000  0.000000  0.544743
 4145.0  0.539934  0.000000  0.000000  0.539934
 4150.0  0.541343  0.000000  0.000000  0.541343
 4155.0  0.546970  0.000000  0.000000  0.546970
 4160.0  0.549365  0.000000  0.000000  0.549365
 4165.0  0.543249  0.000000  0.000000  0.543249
 4170.0  0.537464  0.000000  0.000000  0.537464
 4175.0  0.540543  0.000000  0.000000  0.540543
 4180.0  0.545659  0.000000  0.000000  0.545659
 4185.0  0.544952  0.000000  0.000000  0.544952
 4190.0  0.541792  0.000000  0.000000  0.541792
 4195.0  0.542265  0.000000  0.000000  0.542265
 4200.0  0.552081  0.000000  0.000000  0.552081
 4205.0  0.572536  0.000000  0.000000  0.572536
 4210.0  0.587654  0.000000  0.000000  0.587654
 4215.0  0.583692  0.000000  0.000000  0.583692
 4220.0  0.573129  0.000000  0.000000  0.573129
 4225.0  0.571340  0.000000  0.000000  0.571340
 4230.0  0.579082  0.000000  0.000000  0.579082
 4235.0  0.592295  0.000000  0.000000  0.592295
 4240.0  0.602287  0.000000  0.000000  0.602287
 4245.0  0.602259  0.000000  0.000000  0.602259
 4250.0  0.597640  0.000000  0.000000  0.597640
 4255.0  0.595167  0.000000  0.000000  0.595167
 4260.0  0.594604  0.000000  0.000000  0.594604
 4265.0  0.593924  0.000000  0.000000  0.593924
 4270.0  0.590916  0.000000  0.000000  0.590916
 4275.0  0.583815  0.000000  0.000000  0.583815
 4280.0  0.572828  0.000000  0.000000  0.572828
 4285.0  0.557672  0.000000  0.000000  0.557672
 4290.0  0.534129  0.000000  0.000000  0.534129
 4295.0  0.503247  0.000000  0.000000  0.503247
 4300.0  0.491078  0.000000  0.000000  0.491078
 4305.0  0.519609  0.000000  0.000000  0.519609
 4310.0  0.569549  0.000000  0.000000  0.569549
 4315.0  0.614566  0.000000  0.000000  0.614566
 4320.0  0.641424  0.000000  0.000000  0.641424
 4325.0  0.645509  0.000000  0.000000  0.645509
 4330.0  0.643591  0.000000  0.000000  0.643591
 4335.0  0.652115  0.000000  0.000000  0.652115
 4340.0  0.664823  0.000000  0.000000  0.664823
 4345.0  0.672684  0.000000  0.000000  0.672684
 4350.0  0.678282  0.000000  0.000000  0.678282
 4355.0  0.684786  0.000000  0.000000  0.684786
 4360.0  0.686112  0.000000  0.000000  0.686112
 4365.0  0.675826  0.000000  0.000000  0.675826
 4370.0  0.655360  0.000000  0.000000  0.655360
 4375.0  0.630815  0.000000  0.000000  0.630815
 4380.0  0.619108  0.000000  0.000000  0.619108
 4385.0  0.631840  0.000000  0.000000  0.631840
 4390.0  0.648537  0.000000  0.000000  0.648537
 4395.0  0.649676  0.000000  0.000000  0.649676
 4400.0  0.651618  0.000000  0.000000  0.651618
 4405.0  0.672376  0.000000  0.000000  0.672376
 4410.0  0.700711  0.000000  0.000000  0.700711
 4415.0  0.721153  0.000000  0.000000  0.721153
 4420.0  0.730571  0.000000  0.000000  0.730571
 4425.0  0.731002  0.000000  0.000000  0.731002
 4430.0  0.732837  0.000000  0.000000  0.732837
 4435.0  0.743979  0.000000  0.000000  0.743979
 4440.0  0.754026  0.000000  0.000000  0.754026
 4445.0  0.752305  0.000000  0.000000  0.752305
 4450.0  0.745353  0.000000  0.000000  0.745353
 4455.0  0.743244  0.000000  0.000000  0.743244
 4460.0  0.752992  0.000000  0.000000  0.752992
 4465.0  0.777466  0.000000  0.000000  0.777466
 4470.0  0.806006  0.000000  0.000000  0.806006
 4475.0  0.826809  0.000000  0.000000  0.826809
 4480.0  0.837027  0.000000  0.000000  0.837027
 4485.0  0.838279  0.000000  0.000000  0.838279
 4490.0  0.841089  0.000000  0.000000  0.841089
 4495.0  0.854540  0.000000  0.000000  0.854540
 4500.0  0.873044  0.000000  0.000000  0.873044
 4505.0  0.886982  0.000000  0.000000  0.886982
 4510.0  0.885280  0.000000  0.000000  0.885280
 4515.0  0.862127  0.000000  0.000000  0.862127
 4520.0  0.834212  0.000000  0.000000  0.834212
 4525.0  0.819533  0.000000  0.000000  0.819533
 4530.0  0.818803  0.000000  0.000000  0.818803
 4535.0  0.828129  0.000000  0.000000  0.828129
 4540.0  0.842453  0.000000  0.000000  0.842453
 4545.0  0.857064  0.000000  0.000000  0.857064
 4550.0  0.869783  0.000000  0.000000  0.869783
 4555.0  0.878622  0.000000  0.000000  0.878622
 4560.0  0.879835  0.000000  0.000000  0.879835
 4565.0  0.872099  0.000000  0.000000  0.872099
 4570.0  0.865542  0.000000  0.000000  0.865542
 4575.0  0.868649  0.000000  0.000000  0.868649
 4580.0  0.871886  0.000000  0.000000  0.871886
 4585.0  0.865917  0.000000  0.000000  0.865917
 4590.0  0.860215  0.000000  0.000000  0.860215
 4595.0  0.865807  0.000000  0.000000  0.865807
 4600.0  0.881119  0.000000  0.000000  0.881119
 4605.0  0.900857  0.000000  0.000000  0.900857
 4610.0  0.917440  0.000000  0.000000  0.917440
 4615.0  0.924367  0.000000  0.000000  0.924367
 4620.0  0.921739  0.000000  0.000000  0.921739
 4625.0  0.911770  0.000000  0.000000  0.911770
 4630.0  0.898533  0.000000  0.000000  0.898533
 4635.0  0.886314  0.000000  0.000000  0.886314
 4640.0  0.878406  0.000000  0.000000  0.878406
 4645.0  0.876739  0.000000  0.000000  0.876739
 4650.0  0.878795  0.000000  0.000000  0.878795
 4655.0  0.880850  0.000000  0.000000  0.880850
 4660.0  0.878804  0.000000  0.000000  0.878804
 4665.0  0.871242  0.000000  0.000000  0.871242
 4670.0  0.867838  0.000000  0.000000  0.867838
 4675.0  0.876607  0.000000  0.000000  0.876607
 4680.0  0.887831  0.000000  0.000000  0.887831
 4685.0  0.890251  0.000000  0.000000  0.890251
 4690.0  0.884176  0.000000  0.000000  0.884176
 4695.0  0.874467  0.000000  0.000000  0.874467
 4700.0  0.872645  0.000000  0.000000  0.872645
 4705.0  0.887083  0.000000  0.000000  0.887083
 4710.0  0.906912  0.000000  0.000000  0.906912
 4715.0  0.919056  0.000000  0.000000  0.919056
 4720.0  0.920846  0.000000  0.000000  0.920846
 4725.0  0.914712  0.000000  0.000000  0.914712
 4730.0  0.913078  0.000000  0.000000  0.913078
 4735.0  0.925617  0.000000  0.000000  0.925617
 4740.0  0.941015  0.000000  0.000000  0.941015
 4745.0  0.945911  0.000000  0.000000  0.945911
 4750.0  0.939770  0.000000  0.000000  0.939770
 4755.0  0.927371  0.000000  0.000000  0.927371
 4760.0  0.921913  0.000000  0.000000  0.921913
 4765.0  0.933205  0.000000  0.000000  0.933205
 4770.0  0.949048  0.000000  0.000000  0.949048
 4775.0  0.955771  0.000000  0.000000  0.955771
 4780.0  0.955807  0.000000  0.000000  0.955807
 4785.0  0.954954  0.000000  0.000000  0.954954
 4790.0  0.956371  0.000000  0.000000  0.956371
 4795.0  0.961401  0.000000  0.000000  0.961401
 4800.0  0.966790  0.000000  0.000000  0.966790
 4805.0  0.969270  0.000000  0.000000  0.969270
 4810.0  0.970141  0.000000  0.000000  0.970141
 4815.0  0.970391  0.000000  0.000000  0.970391
 4820.0  0.965219  0.000000  0.000000  0.965219
 4825.0  0.951722  0.000000  0.000000  0.951722
 4830.0  0.940403  0.000000  0.000000  0.940403
 4835.0  0.939823  0.000000  0.000000  0.939823
 4840.0  0.937362  0.000000  0.000000  0.937362
 4845.0  0.920069  0.000000  0.000000  0.920069
 4850.0  0.894824  0.000000  0.000000  0.894824
 4855.0  0.873679  0.000000  0.000000  0.873679
 4860.0  0.869528  0.000000  0.000000  0.869528
 4865.0  0.888942  0.000000  0.000000  0.888942
 4870.0  0.912358  0.000000  0.000000  0.912358
 4875.0  0.920469  0.000000  0.000000  0.920469
 4880.0  0.921110  0.000000  0.000000  0.921110
 4885.0  0.926451  0.000000  0.000000  0.926451
 4890.0  0.938833  0.000000  0.000000  0.938833
 4895.0  0.955112  0.000000  0.000000  0.955112
 4900.0  0.960023  0.000000  0.000000  0.960023
 4905.0  0.942688  0.000000  0.000000  0.942688
 4910.0  0.921912  0.000000  0.000000  0.921912
 4915.0  0.917495  0.000000  0.000000  0.917495
 4920.0  0.923544  0.000000  0.000000  0.923544
 4925.0  0.930295  0.000000  0.000000  0.930295
 4930.0  0.938178  0.000000  0.000000  0.938178
 4935.0  0.948775  0.000000  0.000000  0.948775
 4940.0  0.958076  0.000000  0.000000  0.958076
 4945.0  0.961846  0.000000  0.000000  0.961846
 4950.0  0.960543  0.000000  0.000000  0.960543
 4955.0  0.955636  0.000000  0.000000  0.955636
 4960.0  0.947926  0.000000  0.000000  0.947926
 4965.0  0.938603  0.000000  0.000000  0.938603
 4970.0  0.931066  0.000000  0.000000  0.931066
 4975.0  0.927871  0.000000  0.000000  0.927871
 4980.0  0.926002  0.000000  0.000000  0.926002
 4985.0  0.922160  0.000000  0.000000  0.922160
 4990.0  0.917486  0.000000  0.000000  0.917486
 4995.0  0.912726  0.000000  0.000000  0.912726
 5000.0  0.902595  0.000000  0.000000  0.902595
 5005.0  0.884347  0.000000  0.000000  0.884347
 5010.0  0.871431  0.000000  0.000000  0.871431
 5015.0  0.876273  0.000000  0.000000  0.876273
 5020.0  0.891035  0.000000  0.000000  0.891035
 5025.0  0.904237  0.000000  0.000000  0.904237
 5030.0  0.910106  0.000000  0.000000  0.910106
 5035.0  0.907280  0.000000  0.000000  0.907280
 5040.0  0.906331  0.000000  0.000000  0.906331
 5045.0  0.916232  0.000000  0.000000  0.916232
 5050.0  0.927630  0.000000  0.000000  0.927630
 5055.0  0.929011  0.000000  0.000000  0.929011
 5060.0  0.918541  0.000000  0.000000  0.918541
 5065.0  0.899390  0.000000  0.000000  0.899390
 5070.0  0.885052  0.000000  0.000000  0.885052
 5075.0  0.887075  0.000000  0.000000  0.887075
 5080.0  0.898882  0.000000  0.000000  0.898882
 5085.0  0.909631  0.000000  0.000000  0.909631
 5090.0  0.909542  0.000000  0.000000  0.909542
 5095.0  0.894497  0.000000  0.000000  0.894497
 5100.0  0.881951  0.000000  0.000000  0.881951
 5105.0  0.887596  0.000000  0.000000  0.887596
 5110.0  0.898481  0.000000  0.000000  0.898481
 5115.0  0.899036  0.000000  0.000000  0.899036
 5120.0  0.891836  0.000000  0.000000  0.891836
 5125.0  0.883055  0.000000  0.000000  0.883055
 5130.0  0.875088  0.000000  0.000000  0.875088
 5135.0  0.869915  0.000000  0.000000  0.869915
 5140.0  0.871620  0.000000  0.000000  0.871620
 5145.0  0.880721  0.000000  0.000000  0.880721
 5150.0  0.881373  0.000000  0.000000  0.881373
 5155.0  0.860016  0.000000  0.000000  0.860016
 5160.0  0.828584  0.000000  0.000000  0.828584
 5165.0  0.803904  0.000000  0.000000  0.803904
 5170.0  0.796875  0.000000  0.000000  0.796875
 5175.0  0.812661  0.000000  0.000000  0.812661
 5180.0  0.839405  0.000000  0.000000  0.839405
 5185.0  0.863168  0.000000  0.000000  0.863168
 5190.0  0.878693  0.000000  0.000000  0.878693
 5195.0  0.884379  0.000000  0.000000  0.884379
 5200.0  0.884552  0.000000  0.000000  0.884552
 5205.0  0.884206  0.000000  0.000000  0.884206
 5210.0  0.885064  0.000000  0.000000  0.885064
 5215.0  0.887628  0.000000  0.000000  0.887628
 5220.0  0.890788  0.000000  0.000000  0.890788
 5225.0  0.893685  0.000000  0.000000  0.893685
 5230.0  0.898088  0.000000  0.000000  0.898088
 5235.0  0.905609  0.000000  0.000000  0.905609
 5240.0  0.914635  0.000000  0.000000  0.914635
 5245.0  0.921209  0.000000  0.000000  0.921209
 5250.0  0.915223  0.000000  0.000000  0.915223
 5255.0  0.890668  0.000000  0.000000  0.890668
 5260.0  0.864056  0.000000  0.000000  0.864056
 5265.0  0.854817  0.000000  0.000000  0.854817
 5270.0  0.871538  0.000000  0.000000  0.871538
 5275.0  0.912863  0.000000  0.000000  0.912863
 5280.0  0.948516  0.000000  0.000000  0.948516
 5285.0  0.952162  0.000000  0.000000  0.952162
 5290.0  0.942158  0.000000  0.000000  0.942158
 5295.0  0.942314  0.000000  0.000000  0.942314
 5300.0  0.953553  0.000000  0.000000  0.953553
 5305.0  0.968785  0.000000  0.000000  0.968785
 5310.0  0.971743  0.000000  0.000000  0.971743
 5315.0  0.951220  0.000000  0.000000  0.951220
 5320.0  0.925393  0.000000  0.000000  0.925393
 5325.0  0.914468  0.000000  0.000000  0.914468
 5330.0  0.917352  0.000000  0.000000  0.917352
 5335.0  0.928297  0.000000  0.000000  0.928297
 5340.0  0.944214  0.000000  0.000000  0.944214
 5345.0  0.961700  0.000000  0.000000  0.961700
 5350.0  0.973448  0.000000  0.000000  0.973448
 5355.0  0.974135  0.000000  0.000000  0.974135
 5360.0  0.970295  0.000000  0.000000  0.970295
 5365.0  0.969782  0.000000  0.000000  0.969782
 5370.0  0.973881  0.000000  0.000000  0.973881
 5375.0  0.980551  0.000000  0.000000  0.980551
 5380.0  0.981006  0.000000  0.000000  0.981006
 5385.0  0.968021  0.000000  0.000000  0.968021
 5390.0  0.947340  0.000000  0.000000  0.947340
 5395.0  0.927989  0.000000  0.000000  0.927989
 5400.0  0.919142  0.000000  0.000000  0.919142
 5405.0  0.927138  0.000000  0.000000  0.927138
 5410.0  0.946825  0.000000  0.000000  0.946825
 5415.0  0.969718  0.000000  0.000000  0.969718
 5420.0  0.985504  0.000000  0.000000  0.985504
 5425.0  0.987708  0.000000  0.000000  0.987708
 5430.0  0.987048  0.000000  0.000000  0.987048
 5435.0  0.994052  0.000000  0.000000  0.994052
 5440.0  1.001297  0.000000  0.000000  1.001297
 5445.0  1.000775  0.000000  0.000000  1.000775
 5450.0  1.000094  0.000000  0.000000  1.000094
 5455.0  1.006076  0.000000  0.000000  1.006076
 5460.0  1.006810  0.000000  0.000000  1.006810
 5465.0  0.992045  0.000000  0.000000  0.992045
 5470.0  0.976916  0.000000  0.000000  0.976916
 5475.0  0.976890  0.000000  0.000000  0.976890
 5480.0  0.983362  0.000000  0.000000  0.983362
 5485.0  0.985172  0.000000  0.000000  0.985172
 5490.0  0.984986  0.000000  0.000000  0.984986
 5495.0  0.987388  0.000000  0.000000  0.987388
 5500.0  0.990803  0.000000  0.000000  0.990803
 5505.0  0.993026  0.000000  0.000000  0.993026
 5510.0  0.995499  0.000000  0.000000  0.995499
 5515.0  0.999281  0.000000  0.000000  0.999281
 5520.0  1.000248  0.000000  0.000000  1.000248
 5525.0  0.995441  0.000000  0.000000  0.995441
 5530.0  0.991731  0.000000  0.000000  0.991731
 5535.0  0.995981  0.000000  0.000000  0.995981
 5540.0  1.005184  0.000000  0.000000  1.005184
 5545.0  1.014053  0.000000  0.000000  1.014053
 5550.0  1.018062  0.000000  0.000000  1.018062
 5555.0  1.014739  0.000000  0.000000  1.014739
 5560.0  1.009090  0.000000  0.000000  1.009090
 5565.0  1.006203  0.000000  0.000000  1.006203
 5570.0  1.004021  0.000000  0.000000  1.004021
 5575.0  0.999552  0.000000  0.000000  0.999552
 5580.0  0.993223  0.000000  0.000000  0.993223
 5585.0  0.986911  0.000000  0.000000  0.986911
 5590.0  0.984903  0.000000  0.000000  0.984903
 5595.0  0.990173  0.000000  0.000000  0.990173
 5600.0  0.998040  0.000000  0.000000  0.998040
 5605.0  1.003365  0.000000  0.000000  1.003365
 5610.0  1.006845  0.000000  0.000000  1.006845
 5615.0  1.010173  0.000000  0.000000  1.010173
 5620.0  1.013187  0.000000  0.000000  1.013187
 5625.0  1.015431  0.000000  0.000000  1.015431
 5630.0  1.017133  0.000000  0.000000  1.017133
 5635.0  1.017935  0.000000  0.000000  1.017935
 5640.0  1.014476  0.000000  0.000000  1.014476
 5645.0  1.004779  0.000000  0.000000  1.004779
 5650.0  0.995441  0.000000  0.000000  0.995441
 5655.0  0.993352  0.000000  0.000000  0.993352
 5660.0  0.998002  0.000000  0.000000  0.998002
 5665.0  1.006810  0.000000  0.000000  1.006810
 5670.0  1.016304  0.000000  0.000000  1.016304
 5675.0  1.023297  0.000000  0.000000  1.023297
 5680.0  1.026635  0.000000  0.000000  1.026635
 5685.0  1.026541  0.000000  0.000000  1.026541
 5690.0  1.026708  0.000000  0.000000  1.026708
 5695.0  1.028657  0.000000  0.000000  1.028657
 5700.0  1.021736  0.000000  0.000000  1.021736
 5705.0  0.999410  0.000000  0.000000  0.999410
 5710.0  0.983791  0.000000  0.000000  0.983791
 5715.0  0.995160  0.000000  0.000000  0.995160
 5720.0  1.017813  0.000000  0.000000  1.017813
 5725.0  1.032645  0.000000  0.000000  1.032645
 5730.0  1.042921  0.000000  0.000000  1.042921
 5735.0  1.055048  0.000000  0.000000  1.055048
 5740.0  1.065608  0.000000  0.000000  1.065608
 5745.0  1.070075  0.000000  0.000000  1.070075
 5750.0  1.069312  0.000000  0.000000  1.069312
 5755.0  1.065526  0.000000  0.000000  1.065526
 5760.0  1.060924  0.000000  0.000000  1.060924
 5765.0  1.057401  0.000000  0.000000  1.057401
 5770.0  1.055603  0.000000  0.000000  1.055603
 5775.0  1.055865  0.000000  0.000000  1.055865
 5780.0  1.058521  0.000000  0.000000  1.058521
 5785.0  1.063611  0.000000  0.000000  1.063611
 5790.0  1.070003  0.000000  0.000000  1.070003
 5795.0  1.076271  0.000000  0.000000  1.076271
 5800.0  1.080988  0.000000  0.000000  1.080988
 5805.0  1.083137  0.000000  0.000000  1.083137
 5810.0  1.083330  0.000000  0.000000  1.083330
 5815.0  1.082586  0.000000  0.000000  1.082586
 5820.0  1.081925  0.000000  0.000000  1.081925
 5825.0  1.082098  0.000000  0.000000  1.082098
 5830.0  1.082782  0.000000  0.000000  1.082782
 5835.0  1.083385  0.000000  0.000000  1.083385
 5840.0  1.083316  0.000000  0.000000  1.083316
 5845.0  1.082038  0.000000  0.000000  1.082038
 5850.0  1.079243  0.000000  0.000000  1.079243
 5855.0  1.074681  0.000000  0.000000  1.074681
 5860.0  1.068098  0.000000  0.000000  1.068098
 5865.0  1.059505  0.000000  0.000000  1.059505
 5870.0  1.049951  0.000000  0.000000  1.049951
 5875.0  1.040747  0.000000  0.000000  1.040747
 5880.0  1.033206  0.000000  0.000000  1.033206
 5885.0  1.028430  0.000000  0.000000  1.028430
 5890.0  1.026695  0.000000  0.000000  1.026695
 5895.0  1.028071  0.000000  0.000000  1.028071
 5900.0  1.032626  0.000000  0.000000  1.032626
 5905.0  1.040176  0.000000  0.000000  1.040176
 5910.0  1.049531  0.000000  0.000000  1.049531
 5915.0  1.059248  0.000000  0.000000  1.059248
 5920.0  1.067885  0.000000  0.000000  1.067885
 5925.0  1.074350  0.000000  0.000000  1.074350
 5930.0  1.078955  0.000000  0.000000  1.078955
 5935.0  1.082364  0.000000  0.000000  1.082364
 5940.0  1.085241  0.000000  0.000000  1.085241
 5945.0  1.088003  0.000000  0.000000  1.088003
 5950.0  1.090080  0.000000  0.000000  1.090080
 5955.0  1.090657  0.000000  0.000000  1.090657
 5960.0  1.088915  0.000000  0.000000  1.088915
 5965.0  1.084418  0.000000  0.000000  1.084418
 5970.0  1.078238  0.000000  0.000000  1.078238
 5975.0  1.071824  0.000000  0.000000  1.071824
 5980.0  1.066629  0.000000  0.000000  1.066629
 5985.0  1.063762  0.000000  0.000000  1.063762
 5990.0  1.062979  0.000000  0.000000  1.062979
 5995.0  1.063697  0.000000  0.000000  1.063697
 6000.0  1.065332  0.000000  0.000000  1.065332
 6005.0  1.067358  0.000000  0.000000  1.067358
 6010.0  1.069483  0.000000  0.000000  1.069483
 6015.0  1.071476  0.000000  0.000000  1.071476
 6020.0  1.073105  0.000000  0.000000  1.073105
 6025.0  1.074225  0.000000  0.000000  1.074225
 6030.0  1.075054  0.000000  0.000000  1.075054
 6035.0  1.075897  0.000000  0.000000  1.075897
 6040.0  1.077061  0.000000  0.000000  1.077061
 6045.0  1.078714  0.000000  0.000000  1.078714
 6050.0  1.080468  0.000000  0.000000  1.080468
 6055.0  1.081800  0.000000  0.000000  1.081800
 6060.0  1.082185  0.000000  0.000000  1.082185
 6065.0  1.081223  0.000000  0.000000  1.081223
 6070.0  1.079023  0.000000  0.000000  1.079023
 6075.0  1.075820  0.000000  0.000000  1.075820
 6080.0  1.071847  0.000000  0.000000  1.071847
 6085.0  1.067399  0.000000  0.000000  1.067399
 6090.0  1.063009  0.000000  0.000000  1.063009
 6095.0  1.059271  0.000000  0.000000  1.059271
 6100.0  1.056779  0.000000  0.000000  1.056779
 6105.0  1.055874  0.000000  0.000000  1.055874
 6110.0  1.055895  0.000000  0.000000  1.055895
 6115.0  1.055929  0.000000  0.000000  1.055929
 6120.0  1.055062  0.000000  0.000000  1.055062
 6125.0  1.052679  0.000000  0.000000  1.052679
 6130.0  1.049364  0.000000  0.000000  1.049364
 6135.0  1.045995  0.000000  0.000000  1.045995
 6140.0  1.043455  0.000000  0.000000  1.043455
 6145.0  1.042407  0.000000  0.000000  1.042407
 6150.0  1.042652  0.000000  0.000000  1.042652
 6155.0  1.043772  0.000000  0.000000  1.043772
 6160.0  1.045351  0.000000  0.000000  1.045351
 6165.0  1.047035  0.000000  0.000000  1.047035
 6170.0  1.048716  0.000000  0.000000  1.048716
 6175.0  1.050349  0.000000  0.000000  1.050349
 6180.0  1.051889  0.000000  0.000000  1.051889
 6185.0  1.053226  0.000000  0.000000  1.053226
 6190.0  1.053997  0.000000  0.000000  1.053997
 6195.0  1.053773  0.000000  0.000000  1.053773
 6200.0  1.052125  0.000000  0.000000  1.052125
 6205.0  1.048773  0.000000  0.000000  1.048773
 6210.0  1.044032  0.000000  0.000000  1.044032
 6215.0  1.038366  0.000000  0.000000  1.038366
 6220.0  1.032239  0.000000  0.000000  1.032239
 6225.0  1.026129  0.000000  0.000000  1.026129
 6230.0  1.020576  0.000000  0.000000  1.020576
 6235.0  1.016137  0.000000  0.000000  1.016137
 6240.0  1.013365  0.000000  0.000000  1.013365
 6245.0  1.012622  0.000000  0.000000  1.012622
 6250.0  1.013485  0.000000  0.000000  1.013485
 6255.0  1.015335  0.000000  0.000000  1.015335
 6260.0  1.017554  0.000000  0.000000  1.017554
 6265.0  1.019650  0.000000  0.000000  1.019650
 6270.0  1.021640  0.000000  0.000000  1.021640
 6275.0  1.023665  0.000000  0.000000  1.023665
 6280.0  1.025868  0.000000  0.000000  1.025868
 6285.0  1.028320  0.000000  0.000000  1.028320
 6290.0  1.030812  0.000000  0.000000  1.030812
 6295.0  1.033062  0.000000  0.000000  1.033062
 6300.0  1.034790  0.000000  0.000000  1.034790
 6305.0  1.035763  0.000000  0.000000  1.035763
 6310.0  1.035933  0.000000  0.000000  1.035933
 6315.0  1.035301  0.000000  0.000000  1.035301
 6320.0  1.033867  0.000000  0.000000  1.033867
 6325.0  1.031704  0.000000  0.000000  1.031704
 6330.0  1.029174  0.000000  0.000000  1.029174
 6335.0  1.026712  0.000000  0.000000  1.026712
 6340.0  1.024752  0.000000  0.000000  1.024752
 6345.0  1.023670  0.000000  0.000000  1.023670
 6350.0  1.023602  0.000000  0.000000  1.023602
 6355.0  1.024629  0.000000  0.000000  1.024629
 6360.0  1.026827  0.000000  0.000000  1.026827
 6365.0  1.030140  0.000000  0.000000  1.030140
 6370.0  1.033965  0.000000  0.000000  1.033965
 6375.0  1.037566  0.000000  0.000000  1.037566
 6380.0  1.040205  0.000000  0.000000  1.040205
 6385.0  1.041316  0.000000  0.000000  1.041316
 6390.0  1.041017  0.000000  0.000000  1.041017
 6395.0  1.039600  0.000000  0.000000  1.039600
 6400.0  1.037354  0.000000  0.000000  1.037354
 6405.0  1.034591  0.000000  0.000000  1.034591
 6410.0  1.031710  0.000000  0.000000  1.031710
 6415.0  1.029129  0.000000  0.000000  1.029129
 6420.0  1.027268  0.000000  0.000000  1.027268
 6425.0  1.026419  0.000000  0.000000  1.026419
 6430.0  1.026379  0.000000  0.000000  1.026379
 6435.0  1.026815  0.000000  0.000000  1.026815
 6440.0  1.027397  0.000000  0.000000  1.027397
 6445.0  1.027879  0.000000  0.000000  1.027879
 6450.0  1.028354  0.000000  0.000000  1.028354
 6455.0  1.028999  0.000000  0.000000  1.028999
 6460.0  1.029991  0.000000  0.000000  1.029991
 6465.0  1.031359  0.000000  0.000000  1.031359
 6470.0  1.032537  0.000000  0.000000  1.032537
 6475.0  1.032810  0.000000  0.000000  1.032810
 6480.0  1.031464  0.000000  0.000000  1.031464
 6485.0  1.028197  0.000000  0.000000  1.028197
 6490.0  1.024353  0.000000  0.000000  1.024353
 6495.0  1.021689  0.000000  0.000000  1.021689
 6500.0  1.021962  0.000000  0.000000  1.021962
 6505.0  1.026178  0.000000  0.000000  1.026178
 6510.0  1.032347  0.000000  0.000000  1.032347
 6515.0  1.037729  0.000000  0.000000  1.037729
 6520.0  1.039586  0.000000  0.000000  1.039586
 6525.0  1.036024  0.000000  0.000000  1.036024
 6530.0  1.028546  0.000000  0.000000  1.028546
 6535.0  1.019498  0.000000  0.000000  1.019498
 6540.0  1.011231  0.000000  0.000000  1.011231
 6545.0  1.005564  0.000000  0.000000  1.005564
 6550.0  1.002211  0.000000  0.000000  1.002211
 6555.0  1.000354  0.000000  0.000000  1.000354
 6560.0  0.999179  0.000000  0.000000  0.999179
 6565.0  0.998068  0.000000  0.000000  0.998068
 6570.0  0.997189  0.000000  0.000000  0.997189
 6575.0  0.996909  0.000000  0.000000  0.996909
 6580.0  0.997596  0.000000  0.000000  0.997596
 6585.0  0.999480  0.000000  0.000000  0.999480
 6590.0  1.002258  0.000000  0.000000  1.002258
 6595.0  1.005487  0.000000  0.000000  1.005487
 6600.0  1.008729  0.000000  0.000000  1.008729
 6605.0  1.011598  0.000000  0.000000  1.011598
 6610.0  1.013936  0.000000  0.000000  1.013936
 6615.0  1.015642  0.000000  0.000000  1.015642
 6620.0  1.016613  0.000000  0.000000  1.016613
 6625.0  1.016818  0.000000  0.000000  1.016818
 6630.0  1.016504  0.000000  0.000000  1.016504
 6635.0  1.015988  0.000000  0.000000  1.015988
 6640.0  1.015589  0.000000  0.000000  1.015589
 6645.0  1.015556  0.000000  0.000000  1.015556
 6650.0  1.015874  0.000000  0.000000  1.015874
 6655.0  1.016457  0.000000  0.000000  1.016457
 6660.0  1.017224  0.000000  0.000000  1.017224
 6665.0  1.018023  0.000000  0.000000  1.018023
 6670.0  1.018435  0.000000  0.000000  1.018435
 6675.0  1.017976  0.000000  0.000000  1.017976
 6680.0  1.016161  0.000000  0.000000  1.016161
 6685.0  1.012715  0.000000  0.000000  1.012715
 6690.0  1.008207  0.000000  0.000000  1.008207
 6695.0  1.003419  0.000000  0.000000  1.003419
 6700.0  0.999130  0.000000  0.000000  0.999130
 6705.0  0.995974  0.000000  0.000000  0.995974
 6710.0  0.993999  0.000000  0.000000  0.993999
 6715.0  0.993104  0.000000  0.000000  0.993104
 6720.0  0.993191  0.000000  0.000000  0.993191
 6725.0  0.994100  0.000000  0.000000  0.994100
 6730.0  0.995429  0.000000  0.000000  0.995429
 6735.0  0.996716  0.000000  0.000000  0.996716
 6740.0  0.997498  0.000000  0.000000  0.997498
 6745.0  0.997452  0.000000  0.000000  0.997452
 6750.0  0.996806  0.000000  0.000000  0.996806
 6755.0  0.995927  0.000000  0.000000  0.995927
 6760.0  0.995181  0.000000  0.000000  0.995181
 6765.0  0.994836  0.000000  0.000000  0.994836
 6770.0  0.994763  0.000000  0.000000  0.994763
 6775.0  0.994736  0.000000  0.000000  0.994736
 6780.0  0.994529  0.000000  0.000000  0.994529
 6785.0  0.993943  0.000000  0.000000  0.993943
 6790.0  0.992908  0.000000  0.000000  0.992908
 6795.0  0.991382  0.000000  0.000000  0.991382
 6800.0  0.989323  0.000000  0.000000  0.989323
 6805.0  0.986860  0.000000  0.000000  0.986860
 6810.0  0.984798  0.000000  0.000000  0.984798
 6815.0  0.984112  0.000000  0.000000  0.984112
 6820.0  0.985779  0.000000  0.000000  0.985779
 6825.0  0.990166  0.000000  0.000000  0.990166
 6830.0  0.995214  0.000000  0.000000  0.995214
 6835.0  0.998255  0.000000  0.000000  0.998255
 6840.0  0.996622  0.000000  0.000000  0.996622
 6845.0  0.988653  0.000000  0.000000  0.988653
 6850.0  0.976706  0.000000  0.000000  0.976706
 6855.0  0.964142  0.000000  0.000000  0.964142
 6860.0  0.954325  0.000000  0.000000  0.954325
 6865.0  0.949815  0.000000  0.000000  0.949815
 6870.0  0.949977  0.000000  0.000000  0.949977
 6875.0  0.953374  0.000000  0.000000  0.953374
 6880.0  0.958567  0.000000  0.000000  0.958567
 6885.0  0.964314  0.000000  0.000000  0.964314
 6890.0  0.970144  0.000000  0.000000  0.970144
 6895.0  0.975777  0.000000  0.000000  0.975777
 6900.0  0.980937  0.000000  0.000000  0.980937
 6905.0  0.985314  0.000000  0.000000  0.985314
 6910.0  0.988475  0.000000  0.000000  0.988475
 6915.0  0.989958  0.000000  0.000000  0.989958
 6920.0  0.989299  0.000000  0.000000  0.989299
 6925.0  0.986273  0.000000  0.000000  0.986273
 6930.0  0.981606  0.000000  0.000000  0.981606
 6935.0  0.976260  0.000000  0.000000  0.976260
 6940.0  0.971200  0.000000  0.000000  0.971200
 6945.0  0.967205  0.000000  0.000000  0.967205
 6950.0  0.964318  0.000000  0.000000  0.964318
 6955.0  0.962401  0.000000  0.000000  0.962401
 6960.0  0.961313  0.000000  0.000000  0.961313
 6965.0  0.960849  0.000000  0.000000  0.960849
 6970.0  0.960541  0.000000  0.000000  0.960541
 6975.0  0.959856  0.000000  0.000000  0.959856
 6980.0  0.958262  0.000000  0.000000  0.958262
 6985.0  0.955510  0.000000  0.000000  0.955510
 6990.0  0.952491  0.000000  0.000000  0.952491
 6995.0  0.950380  0.000000  0.000000  0.950380
 7000.0  0.950353  0.000000  0.000000  0.950353
 7005.0  0.953159  0.000000  0.000000  0.953159
 7010.0  0.957849  0.000000  0.000000  0.957849
 7015.0  0.963047  0.000000  0.000000  0.963047
 7020.0  0.967379  0.000000  0.000000  0.967379
 7025.0  0.969763  0.000000  0.000000  0.969763
 7030.0  0.970290  0.000000  0.000000  0.970290
 7035.0  0.969345  0.000000  0.000000  0.969345
 7040.0  0.967314  0.000000  0.000000  0.967314
 7045.0  0.964594  0.000000  0.000000  0.964594
 7050.0  0.961627  0.000000  0.000000  0.961627
 7055.0  0.958869  0.000000  0.000000  0.958869
 7060.0  0.956774  0.000000  0.000000  0.956774
 7065.0  0.955645  0.000000  0.000000  0.955645
 7070.0  0.955174  0.000000  0.000000  0.955174
 7075.0  0.954901  0.000000  0.000000  0.954901
 7080.0  0.954365  0.000000  0.000000  0.954365
 7085.0  0.953240  0.000000  0.000000  0.953240
 7090.0  0.951738  0.000000  0.000000  0.951738
 7095.0  0.950206  0.000000  0.000000  0.950206
 7100.0  0.948991  0.000000  0.000000  0.948991
 7105.0  0.948310  0.000000  0.000000  0.948310
 7110.0  0.947870  0.000000  0.000000  0.947870
 7115.0  0.947245  0.000000  0.000000  0.947245
 7120.0  0.946015  0.000000  0.000000  0.946015
 7125.0  0.943953  0.000000  0.000000  0.943953
 7130.0  0.941628  0.000000  0.000000  0.941628
 7135.0  0.939809  0.000000  0.000000  0.939809
 7140.0  0.939262  0.000000  0.000000  0.939262
 7145.0  0.940514  0.000000  0.000000  0.940514
 7150.0  0.943130  0.000000  0.000000  0.943130
 7155.0  0.946434  0.000000  0.000000  0.946434
 7160.0  0.949749  0.000000  0.000000  0.949749
 7165.0  0.952455  0.000000  0.000000  0.952455
 7170.0  0.954153  0.000000  0.000000  0.954153
 7175.0  0.954499  0.000000  0.000000  0.954499
 7180.0  0.953148  0.000000  0.000000  0.953148
 7185.0  0.949983  0.000000  0.000000  0.949983
 7190.0  0.945789  0.000000  0.000000  0.945789
 7195.0  0.941576  0.000000  0.000000  0.941576
 7200.0  0.938356  0.000000  0.000000  0.938356
 7205.0  0.936834  0.000000  0.000000  0.936834
 7210.0  0.936491  0.000000  0.000000  0.936491
 7215.0  0.936503  0.000000  0.000000  0.936503
 7220.0  0.936045  0.000000  0.000000  0.936045
 7225.0  0.934536  0.000000  0.000000  0.934536
 7230.0  0.932366  0.000000  0.000000  0.932366
 7235.0  0.930171  0.000000  0.000000  0.930171
 7240.0  0.928582  0.000000  0.000000  0.928582
 7245.0  0.928042  0.000000  0.000000  0.928042
 7250.0  0.928213  0.000000  0.000000  0.928213
 7255.0  0.928567  0.000000  0.000000  0.928567
 7260.0  0.928574  0.000000  0.000000  0.928574
 7265.0  0.927867  0.000000  0.000000  0.927867
 7270.0  0.926725  0.000000  0.000000  0.926725
 7275.0  0.925590  0.000000  0.000000  0.925590
 7280.0  0.924903  0.000000  0.000000  0.924903
 7285.0  0.924942  0.000000  0.000000  0.924942
 7290.0  0.925320  0.000000  0.000000  0.925320
 7295.0  0.925487  0.000000  0.000000  0.925487
 7300.0  0.924894  0.000000  0.000000  0.924894
 7305.0  0.923165  0.000000  0.000000  0.923165
 7310.0  0.920625  0.000000  0.000000  0.920625
 7315.0  0.917776  0.000000  0.000000  0.917776
 7320.0  0.915120  0.000000  0.000000  0.915120
 7325.0  0.913040  0.000000  0.000000  0.913040
 7330.0  0.911459  0.000000  0.000000  0.911459
 7335.0  0.910185  0.000000  0.000000  0.910185
 7340.0  0.909023  0.000000  0.000000  0.909023
 7345.0  0.907892  0.000000  0.000000  0.907892
 7350.0  0.907158  0.000000  0.000000  0.907158
 7355.0  0.907295  0.000000  0.000000  0.907295
 7360.0  0.908782  0.000000  0.000000  0.908782
 7365.0  0.911801  0.000000  0.000000  0.911801
 7370.0  0.915358  0.000000  0.000000  0.915358
 7375.0  0.918168  0.000000  0.000000  0.918168
 7380.0  0.918943  0.000000  0.000000  0.918943
 7385.0  0.916804  0.000000  0.000000  0.916804
 7390.0  0.912495  0.000000  0.000000  0.912495
 7395.0  0.907169  0.000000  0.000000  0.907169
 7400.0  0.901977  0.000000  0.000000  0.901977
 7405.0  0.897889  0.000000  0.000000  0.897889
 7410.0  0.895140  0.000000  0.000000  0.895140
 7415.0  0.893786  0.000000  0.000000  0.893786
 7420.0  0.893878  0.000000  0.000000  0.893878
 7425.0  0.895367  0.000000  0.000000  0.895367
 7430.0  0.897784  0.000000  0.000000  0.897784
 7435.0  0.900556  0.000000  0.000000  0.900556
 7440.0  0.903113  0.000000  0.000000  0.903113
 7445.0  0.905013  0.000000  0.000000  0.905013
 7450.0  0.906348  0.000000  0.000000  0.906348
 7455.0  0.907340  0.000000  0.000000  0.907340
 7460.0  0.908212  0.000000  0.000000  0.908212
 7465.0  0.909085  0.000000  0.000000  0.909085
 7470.0  0.909671  0.000000  0.000000  0.909671
 7475.0  0.909582  0.000000  0.000000  0.909582
 7480.0  0.908428  0.000000  0.000000  0.908428
 7485.0  0.906034  0.000000  0.000000  0.906034
 7490.0  0.903079  0.000000  0.000000  0.903079
 7495.0  0.900458  0.000000  0.000000  0.900458
 7500.0  0.899065  0.000000  0.000000  0.899065
 7505.0  0.899433  0.000000  0.000000  0.899433
 7510.0  0.900660  0.000000  0.000000  0.900660
 7515.0  0.901482  0.000000  0.000000  0.901482
 7520.0  0.900638  0.000000  0.000000  0.900638
 7525.0  0.897322  0.000000  0.000000  0.897322
 7530.0  0.892552  0.000000  0.000000  0.892552
 7535.0  0.887807  0.000000  0.000000  0.887807
 7540.0  0.884562  0.000000  0.000000  0.884562
 7545.0  0.883733  0.000000  0.000000  0.883733
 7550.0  0.883985  0.000000  0.000000  0.883985
 7555.0  0.876054  0.000000  0.000000  0.883421
 7560.0  0.875368  0.000000  0.000000  0.880144
 7565.0  0.874703  0.000000  0.000000  0.872703
 7570.0  0.874051  0.000000  0.000000  0.861435
 7575.0  0.873400  0.000000  0.000000  0.847120
 7580.0  0.872743  0.000000  0.000000  0.830540
 7585.0  0.872068  0.000000  0.000000  0.813465
 7590.0  0.871368  0.000000  0.000000  0.801622
 7595.0  0.870633  0.000000  0.000000  0.801726
 7600.0  0.869852  0.000000  0.000000  0.820493
 7605.0  0.869019  0.000000  0.000000  0.861131
 7610.0  0.868137  0.000000  0.000000  0.912810
 7615.0  0.867212  0.000000  0.000000  0.961193
 7620.0  0.866248  0.000000  0.000000  0.991945
 7625.0  0.865251  0.000000  0.000000  0.995028
 7630.0  0.864228  0.000000  0.000000  0.977607
 7635.0  0.863182  0.000000  0.000000  0.951149
 7640.0  0.862119  0.000000  0.000000  0.927120
 7645.0  0.861046  0.000000  0.000000  0.914058
 7650.0  0.859967  0.000000  0.000000  0.908798
 7655.0  0.858890  0.000000  0.000000  0.905247
 7660.0  0.857830  0.000000  0.000000  0.897314
 7665.0  0.856804  0.000000  0.000000  0.880887
 7670.0  0.855831  0.000000  0.000000  0.859788
 7675.0  0.854927  0.000000  0.000000  0.839821
 7680.0  0.854110  0.000000  0.000000  0.826788
 7685.0  0.853397  0.000000  0.000000  0.824776
 7690.0  0.852807  0.000000  0.000000  0.831005
 7695.0  0.852355  0.000000  0.000000  0.840979
 7700.0  0.852059  0.000000  0.000000  0.850199
 7705.0  0.851931  0.000000  0.000000  0.855263
 7710.0  0.851956  0.000000  0.000000  0.857140
 7715.0  0.852111  0.000000  0.000000  0.857894
 7720.0  0.859587  0.000000  0.000000  0.859587
 7725.0  0.863690  0.000000  0.000000  0.863690
 7730.0  0.869304  0.000000  0.000000  0.869304
 7735.0  0.874935  0.000000  0.000000  0.874935
 7740.0  0.879091  0.000000  0.000000  0.879091
 7745.0  0.880704  0.000000  0.000000  0.880704
 7750.0  0.880406  0.000000  0.000000  0.880406
 7755.0  0.879251  0.000000  0.000000  0.879251
 7760.0  0.878295  0.000000  0.000000  0.878295
 7765.0  0.878311  0.000000  0.000000  0.878311
 7770.0  0.878942  0.000000  0.000000  0.878942
 7775.0  0.879551  0.000000  0.000000  0.879551
 7780.0  0.879498  0.000000  0.000000  0.879498
 7785.0  0.878357  0.000000  0.000000  0.878357
 7790.0  0.876555  0.000000  0.000000  0.876555
 7795.0  0.874729  0.000000  0.000000  0.874729
 7800.0  0.873518  0.000000  0.000000  0.873518
 7805.0  0.873396  0.000000  0.000000  0.873396
 7810.0  0.874185  0.000000  0.000000  0.874185
 7815.0  0.875540  0.000000  0.000000  0.875540
 7820.0  0.877117  0.000000  0.000000  0.877117
 7825.0  0.878614  0.000000  0.000000  0.878614
 7830.0  0.879891  0.000000  0.000000  0.879891
 7835.0  0.880848  0.000000  0.000000  0.880848
 7840.0  0.881386  0.000000  0.000000  0.881386
 7845.0  0.881403  0.000000  0.000000  0.881403
 7850.0  0.880783  0.000000  0.000000  0.880783
 7855.0  0.879408  0.000000  0.000000  0.879408
 7860.0  0.877160  0.000000  0.000000  0.877160
 7865.0  0.874011  0.000000  0.000000  0.874011
 7870.0  0.870294  0.000000  0.000000  0.870294
 7875.0  0.866431  0.000000  0.000000  0.866431
 7880.0  0.862846  0.000000  0.000000  0.862846
 7885.0  0.859879  0.000000  0.000000  0.859879
 7890.0  0.857536  0.000000  0.000000  0.857536
 7895.0  0.855740  0.000000  0.000000  0.855740
 7900.0  0.854414  0.000000  0.000000  0.854414
 7905.0  0.853420  0.000000  0.000000  0.853420
 7910.0  0.852384  0.000000  0.000000  0.852384
 7915.0  0.850867  0.000000  0.000000  0.850867
 7920.0  0.848433  0.000000  0.000000  0.848433
 7925.0  0.844945  0.000000  0.000000  0.844945
 7930.0  0.841457  0.000000  0.000000  0.841457
 7935.0  0.839324  0.000000  0.000000  0.839324
 7940.0  0.839900  0.000000  0.000000  0.839900
 7945.0  0.843965  0.000000  0.000000  0.843965
 7950.0  0.850012  0.000000  0.000000  0.850012
 7955.0  0.855962  0.000000  0.000000  0.855962
 7960.0  0.859733  0.000000  0.000000  0.859733
 7965.0  0.859879  0.000000  0.000000  0.859879
 7970.0  0.857481  0.000000  0.000000  0.857481
 7975.0  0.854251  0.000000  0.000000  0.854251
 7980.0  0.851905  0.000000  0.000000  0.851905
 7985.0  0.851685  0.000000  0.000000  0.851685
 7990.0  0.852959  0.000000  0.000000  0.852959
 7995.0  0.854627  0.000000  0.000000  0.854627
 8000.0  0.855585  0.000000  0.000000  0.855585
 8005.0  0.854992  0.000000  0.000000  0.854992
 8010.0  0.853046  0.000000  0.000000  0.853046
 8015.0  0.850203  0.000000  0.000000  0.850203
 8020.0  0.846921  0.000000  0.000000  0.846921
 8025.0  0.843676  0.000000  0.000000  0.843676
 8030.0  0.841015  0.000000  0.000000  0.841015
 8035.0  0.839505  0.000000  0.000000  0.839505
 8040.0  0.839714  0.000000  0.000000  0.839714
 8045.0  0.841871  0.000000  0.000000  0.841871
 8050.0  0.844859  0.000000  0.000000  0.844859
 8055.0  0.847223  0.000000  0.000000  0.847223
 8060.0  0.847510  0.000000  0.000000  0.847510
 8065.0  0.844721  0.000000  0.000000  0.844721
 8070.0  0.839682  0.000000  0.000000  0.839682
 8075.0  0.833675  0.000000  0.000000  0.833675
 8080.0  0.827981  0.000000  0.000000  0.827981
 8085.0  0.823721  0.000000  0.000000  0.823721
 8090.0  0.821371  0.000000  0.000000  0.821371
 8095.0  0.821245  0.000000  0.000000  0.821245
 8100.0  0.823660  0.000000  0.000000  0.823660
 8105.0  0.828623  0.000000  0.000000  0.828623
 8110.0  0.834920  0.000000  0.000000  0.834920
 8115.0  0.841030  0.000000  0.000000  0.841030
 8120.0  0.845432  0.000000  0.000000  0.845432
 8125.0  0.846944  0.000000  0.000000  0.846944
 8130.0  0.845738  0.000000  0.000000  0.845738
 8135.0  0.842323  0.000000  0.000000  0.842323
 8140.0  0.837211  0.000000  0.000000  0.837211
 8145.0  0.831028  0.000000  0.000000  0.831028
 8150.0  0.824863  0.000000  0.000000  0.824863
 8155.0  0.819923  0.000000  0.000000  0.819923
 8160.0  0.817414  0.000000  0.000000  0.817414
 8165.0  0.818117  0.000000  0.000000  0.818117
 8170.0  0.821114  0.000000  0.000000  0.821114
 8175.0  0.825060  0.000000  0.000000  0.825060
 8180.0  0.828611  0.000000  0.000000  0.828611
 8185.0  0.830746  0.000000  0.000000  0.830746
 8190.0  0.831727  0.000000  0.000000  0.831727
 8195.0  0.832138  0.000000  0.000000  0.832138
 8200.0  0.832564  0.000000  0.000000  0.832564
 8205.0  0.833404  0.000000  0.000000  0.833404
 8210.0  0.834317  0.000000  0.000000  0.834317
 8215.0  0.834777  0.000000  0.000000  0.834777
 8220.0  0.834257  0.000000  0.000000  0.834257
 8225.0  0.832498  0.000000  0.000000  0.832498
 8230.0  0.830304  0.000000  0.000000  0.830304
 8235.0  0.828749  0.000000  0.000000  0.828749
 8240.0  0.828902  0.000000  0.000000  0.828902
 8245.0  0.831385  0.000000  0.000000  0.831385
 8250.0  0.835009  0.000000  0.000000  0.835009
 8255.0  0.838134  0.000000  0.000000  0.838134
 8260.0  0.839121  0.000000  0.000000  0.839121
 8265.0  0.836820  0.000000  0.000000  0.836820
 8270.0  0.832041  0.000000  0.000000  0.832041
 8275.0  0.826083  0.000000  0.000000  0.826083
 8280.0  0.820247  0.000000  0.000000  0.820247
 8285.0  0.815551  0.000000  0.000000  0.815551
 8290.0  0.811887  0.000000  0.000000  0.811887
 8295.0  0.808867  0.000000  0.000000  0.808867
 8300.0  0.806103  0.000000  0.000000  0.806103
 8305.0  0.803276  0.000000  0.000000  0.803276
 8310.0  0.800343  0.000000  0.000000  0.800343
 8315.0  0.797332  0.000000  0.000000  0.797332
 8320.0  0.794271  0.000000  0.000000  0.794271
 8325.0  0.791258  0.000000  0.000000  0.791258
 8330.0  0.788671  0.000000  0.000000  0.788671
 8335.0  0.786961  0.000000  0.000000  0.786961
 8340.0  0.786577  0.000000  0.000000  0.786577
 8345.0  0.787795  0.000000  0.000000  0.787795
 8350.0  0.790187  0.000000  0.000000  0.790187
 8355.0  0.793152  0.000000  0.000000  0.793152
 8360.0  0.796088  0.000000  0.000000  0.796088
 8365.0  0.798499  0.000000  0.000000  0.798499
 8370.0  0.800312  0.000000  0.000000  0.800312
 8375.0  0.801562  0.000000  0.000000  0.801562
 8380.0  0.802283  0.000000  0.000000  0.802283
 8385.0  0.802512  0.000000  0.000000  0.802512
 8390.0  0.802304  0.000000  0.000000  0.802304
 8395.0  0.801717  0.000000  0.000000  0.801717
 8400.0  0.800811  0.000000  0.000000  0.800811
 8405.0  0.799670  0.000000  0.000000  0.799670
 8410.0  0.798479  0.000000  0.000000  0.798479
 8415.0  0.797453  0.000000  0.000000  0.797453
 8420.0  0.796803  0.000000  0.000000  0.796803
 8425.0  0.796710  0.000000  0.000000  0.796710
 8430.0  0.797224  0.000000  0.000000  0.797224
 8435.0  0.798364  0.000000  0.000000  0.798364
 8440.0  0.800149  0.000000  0.000000  0.800149
 8445.0  0.802454  0.000000  0.000000  0.802454
 8450.0  0.804582  0.000000  0.000000  0.804582
 8455.0  0.805697  0.000000  0.000000  0.805697
 8460.0  0.804958  0.000000  0.000000  0.804958
 8465.0  0.801852  0.000000  0.000000  0.801852
 8470.0  0.797159  0.000000  0.000000  0.797159
 8475.0  0.791984  0.000000  0.000000  0.791984
 8480.0  0.787432  0.000000  0.000000  0.787432
 8485.0  0.784234  0.000000  0.000000  0.784234
 8490.0  0.781622  0.000000  0.000000  0.781622
 8495.0  0.778456  0.000000  0.000000  0.778456
 8500.0  0.773596  0.000000  0.000000  0.773596
 8505.0  0.766348  0.000000  0.000000  0.766348
 8510.0  0.757808  0.000000  0.000000  0.757808
 8515.0  0.749516  0.000000  0.000000  0.749516
 8520.0  0.743016  0.000000  0.000000  0.743016
 8525.0  0.739546  0.000000  0.000000  0.739546
 8530.0  0.739125  0.000000  0.000000  0.739125
 8535.0  0.741470  0.000000  0.000000  0.741470
 8540.0  0.746296  0.000000  0.000000  0.746296
 8545.0  0.753177  0.000000  0.000000  0.753177
 8550.0  0.761118  0.000000  0.000000  0.761118
 8555.0  0.768984  0.000000  0.000000  0.768984
 8560.0  0.775638  0.000000  0.000000  0.775638
 8565.0  0.780253  0.000000  0.000000  0.780253
 8570.0  0.783244  0.000000  0.000000  0.783244
 8575.0  0.785335  0.000000  0.000000  0.785335
 8580.0  0.787252  0.000000  0.000000  0.787252
 8585.0  0.789524  0.000000  0.000000  0.789524
 8590.0  0.791915  0.000000  0.000000  0.791915
 8595.0  0.793993  0.000000  0.000000  0.793993
 8600.0  0.795325  0.000000  0.000000  0.795325
 8605.0  0.795516  0.000000  0.000000  0.795516
 8610.0  0.794305  0.000000  0.000000  0.794305
 8615.0  0.791467  0.000000  0.000000  0.791467
 8620.0  0.786776  0.000000  0.000000  0.786776
 8625.0  0.780211  0.000000  0.000000  0.780211
 8630.0  0.772577  0.000000  0.000000  0.772577
 8635.0  0.764879  0.000000  0.000000  0.764879
 8640.0  0.758128  0.000000  0.000000  0.758128
 8645.0  0.753133  0.000000  0.000000  0.753133
 8650.0  0.749914  0.000000  0.000000  0.749914
 8655.0  0.748293  0.000000  0.000000  0.748293
 8660.0  0.748093  0.000000  0.000000  0.748093
 8665.0  0.749217  0.000000  0.000000  0.749217
 8670.0  0.751904  0.000000  0.000000  0.751904
 8675.0  0.756471  0.000000  0.000000  0.756471
 8680.0  0.763240  0.000000  0.000000  0.763240
 8685.0  0.772113  0.000000  0.000000  0.772113
 8690.0  0.781334  0.000000  0.000000  0.781334
 8695.0  0.788730  0.000000  0.000000  0.788730
 8700.0  0.792127  0.000000  0.000000  0.792127
 8705.0  0.790057  0.000000  0.000000  0.790057
 8710.0  0.783862  0.000000  0.000000  0.783862
 8715.0  0.775587  0.000000  0.000000  0.775587
 8720.0  0.767281  0.000000  0.000000  0.767281
 8725.0  0.760653  0.000000  0.000000  0.760653
 8730.0  0.756076  0.000000  0.000000  0.756076
 8735.0  0.753588  0.000000  0.000000  0.753588
 8740.0  0.753226  0.000000  0.000000  0.753226
 8745.0  0.754879  0.000000  0.000000  0.754879
 8750.0  0.757833  0.000000  0.000000  0.757833
 8755.0  0.761224  0.000000  0.000000  0.761224
 8760.0  0.764191  0.000000  0.000000  0.764191
 8765.0  0.766022  0.000000  0.000000  0.766022
 8770.0  0.766626  0.000000  0.000000  0.766626
 8775.0  0.766064  0.000000  0.000000  0.766064
 8780.0  0.764397  0.000000  0.000000  0.764397
 8785.0  0.761797  0.000000  0.000000  0.761797
 8790.0  0.758873  0.000000  0.000000  0.758873
 8795.0  0.756348  0.000000  0.000000  0.756348
 8800.0  0.754943  0.000000  0.000000  0.754943
 8805.0  0.755157  0.000000  0.000000  0.755157
 8810.0  0.756603  0.000000  0.000000  0.756603
 8815.0  0.758673  0.000000  0.000000  0.758673
 8820.0  0.760758  0.000000  0.000000  0.760758
 8825.0  0.762356  0.000000  0.000000  0.762356
 8830.0  0.763402  0.000000  0.000000  0.763402
 8835.0  0.763934  0.000000  0.000000  0.763934
 8840.0  0.763993  0.000000  0.000000  0.763993
 8845.0  0.763605  0.000000  0.000000  0.763605
 8850.0  0.762742  0.000000  0.000000  0.762742
 8855.0  0.761360  0.000000  0.000000  0.761360
 8860.0  0.759417  0.000000  0.000000  0.759417
 8865.0  0.756935  0.000000  0.000000  0.756935
 8870.0  0.754198  0.000000  0.000000  0.754198
 8875.0  0.751557  0.000000  0.000000  0.751557
 8880.0  0.749361  0.000000  0.000000  0.749361
 8885.0  0.747858  0.000000  0.000000  0.747858
 8890.0  0.746880  0.000000  0.000000  0.746880
 8895.0  0.746157  0.000000  0.000000  0.746157
 8900.0  0.745418  0.000000  0.000000  0.745418
 8905.0  0.744441  0.000000  0.000000  0.744441
 8910.0  0.743199  0.000000  0.000000  0.743199
 8915.0  0.741714  0.000000  0.000000  0.741714
 8920.0  0.740006  0.000000  0.000000  0.740006
 8925.0  0.738183  0.000000  0.000000  0.738183
 8930.0  0.736698  0.000000  0.000000  0.736698
 8935.0  0.736086  0.000000  0.000000  0.736086
 8940.0  0.736887  0.000000  0.000000  0.736887
 8945.0  0.739411  0.000000  0.000000  0.739411
 8950.0  0.743067  0.000000  0.000000  0.743067
 8955.0  0.747038  0.000000  0.000000  0.747038
 8960.0  0.750506  0.000000  0.000000  0.750506
 8965.0  0.752767  0.000000  0.000000  0.752767
 8970.0  0.753578  0.000000  0.000000  0.753578
 8975.0  0.752807  0.000000  0.000000  0.752807
 8980.0  0.750324  0.000000  0.000000  0.750324
 8985.0  0.746265  0.000000  0.000000  0.746265
 8990.0  0.741837  0.000000  0.000000  0.741837
 8995.0  0.738514  0.000000  0.000000  0.738514
 9000.0  0.737770  0.000000  0.000000  0.737770
 9005.0  0.740691  0.000000  0.000000  0.740691
 9010.0  0.746807  0.000000  0.000000  0.746807
 9015.0  0.755258  0.000000  0.000000  0.755258
 9020.0  0.765187  0.000000  0.000000  0.765187
 9025.0  0.775523  0.000000  0.000000  0.775523
 9030.0  0.784359  0.000000  0.000000  0.784359
 9035.0  0.789574  0.000000  0.000000  0.789574
 9040.0  0.789049  0.000000  0.000000  0.789049
 9045.0  0.781588  0.000000  0.000000  0.781588
 9050.0  0.769688  0.000000  0.000000  0.769688
 9055.0  0.756770  0.000000  0.000000  0.756770
 9060.0  0.746253  0.000000  0.000000  0.746253
 9065.0  0.740716  0.000000  0.000000  0.740716
 9070.0  0.739374  0.000000  0.000000  0.739374
 9075.0  0.740600  0.000000  0.000000  0.740600
 9080.0  0.742767  0.000000  0.000000  0.742767
 9085.0  0.744522  0.000000  0.000000  0.744522
 9090.0  0.745608  0.000000  0.000000  0.745608
 9095.0  0.746040  0.000000  0.000000  0.746040
 9100.0  0.745833  0.000000  0.000000  0.745833
 9105.0  0.745004  0.000000  0.000000  0.745004
 9110.0  0.743574  0.000000  0.000000  0.743574
 9115.0  0.741563  0.000000  0.000000  0.741563
 9120.0  0.738992  0.000000  0.000000  0.738992
 9125.0  0.735863  0.000000  0.000000  0.735863
 9130.0  0.732103  0.000000  0.000000  0.732103
 9135.0  0.727620  0.000000  0.000000  0.727620
 9140.0  0.722319  0.000000  0.000000  0.722319
 9145.0  0.716351  0.000000  0.000000  0.716351
 9150.0  0.710828  0.000000  0.000000  0.710828
 9155.0  0.707105  0.000000  0.000000  0.707105
 9160.0  0.706535  0.000000  0.000000  0.706535
 9165.0  0.709929  0.000000  0.000000  0.709929
 9170.0  0.715926  0.000000  0.000000  0.715926
 9175.0  0.722620  0.000000  0.000000  0.722620
 9180.0  0.728107  0.000000  0.000000  0.728107
 9185.0  0.730915  0.000000  0.000000  0.730915
 9190.0  0.731303  0.000000  0.000000  0.731303
 9195.0  0.729965  0.000000  0.000000  0.729965
 9200.0  0.727592  0.000000  0.000000  0.727592
 9205.0  0.724731  0.000000  0.000000  0.724731
 9210.0  0.721333  0.000000  0.000000  0.721333
 9215.0  0.717202  0.000000  0.000000  0.717202
 9220.0  0.712143  0.000000  0.000000  0.712143
 9225.0  0.706089  0.000000  0.000000  0.706089
 9230.0  0.699494  0.000000  0.000000  0.699494
 9235.0  0.692941  0.000000  0.000000  0.692941
 9240.0  0.687014  0.000000  0.000000  0.687014
 9245.0  0.682187  0.000000  0.000000  0.682187
 9250.0  0.678500  0.000000  0.000000  0.678500
 9255.0  0.675883  0.000000  0.000000  0.675883
 9260.0  0.674267  0.000000  0.000000  0.674267
 9265.0  0.673416  0.000000  0.000000  0.673416
 9270.0  0.672430  0.000000  0.000000  0.672430
 9275.0  0.670244  0.000000  0.000000  0.670244
 9280.0  0.665792  0.000000  0.000000  0.665792
 9285.0  0.658469  0.000000  0.000000  0.658469
 9290.0  0.649516  0.000000  0.000000  0.649516
 9295.0  0.640639  0.000000  0.000000  0.640639
 9300.0  0.633539  0.000000  0.000000  0.633539
 9305.0  0.629773  0.000000  0.000000  0.629773
 9310.0  0.630304  0.000000  0.000000  0.630304
 9315.0  0.635946  0.000000  0.000000  0.635946
 9320.0  0.647515  0.000000  0.000000  0.647515
 9325.0  0.664916  0.000000  0.000000  0.664916
 9330.0  0.684417  0.000000  0.000000  0.684417
 9335.0  0.701378  0.000000  0.000000  0.701378
 9340.0  0.711156  0.000000  0.000000  0.711156
 9345.0  0.710682  0.000000  0.000000  0.710682
 9350.0  0.703166  0.000000  0.000000  0.703166
 9355.0  0.693391  0.000000  0.000000  0.693391
 9360.0  0.686137  0.000000  0.000000  0.686137
 9365.0  0.685064  0.000000  0.000000  0.685064
 9370.0  0.689345  0.000000  0.000000  0.689345
 9375.0  0.697028  0.000000  0.000000  0.697028
 9380.0  0.706164  0.000000  0.000000  0.706164
 9385.0  0.714747  0.000000  0.000000  0.714747
 9390.0  0.720548  0.000000  0.000000  0.720548
 9395.0  0.721283  0.000000  0.000000  0.721283
 9400.0  0.714667  0.000000  0.000000  0.714667
 9405.0  0.699558  0.000000  0.000000  0.699558
 9410.0  0.679380  0.000000  0.000000  0.679380
 9415.0  0.658701  0.000000  0.000000  0.658701
 9420.0  0.642087  0.000000  0.000000  0.642087
 9425.0  0.633133  0.000000  0.000000  0.633133
 9430.0  0.631546  0.000000  0.000000  0.631546
 9435.0  0.636062  0.000000  0.000000  0.636062
 9440.0  0.645416  0.000000  0.000000  0.645416
 9445.0  0.658030  0.000000  0.000000  0.658030
 9450.0  0.671080  0.000000  0.000000  0.671080
 9455.0  0.681426  0.000000  0.000000  0.681426
 9460.0  0.685932  0.000000  0.000000  0.685932
 9465.0  0.682597  0.000000  0.000000  0.682597
 9470.0  0.673972  0.000000  0.000000  0.673972
 9475.0  0.663749  0.000000  0.000000  0.663749
 9480.0  0.655618  0.000000  0.000000  0.655618
 9485.0  0.652402  0.000000  0.000000  0.652402
 9490.0  0.653467  0.000000  0.000000  0.653467
 9495.0  0.657312  0.000000  0.000000  0.657312
 9500.0  0.662436  0.000000  0.000000  0.662436
 9505.0  0.667553  0.000000  0.000000  0.667553
 9510.0  0.672237  0.000000  0.000000  0.672237
 9515.0  0.676278  0.000000  0.000000  0.676278
 9520.0  0.679465  0.000000  0.000000  0.679465
 9525.0  0.681647  0.000000  0.000000  0.681647
 9530.0  0.682919  0.000000  0.000000  0.682919
 9535.0  0.683433  0.000000  0.000000  0.683433
 9540.0  0.683344  0.000000  0.000000  0.683344
 9545.0  0.682788  0.000000  0.000000  0.682788
 9550.0  0.681824  0.000000  0.000000  0.681824
 9555.0  0.680495  0.000000  0.000000  0.680495
 9560.0  0.678842  0.000000  0.000000  0.678842
 9565.0  0.676913  0.000000  0.000000  0.676913
 9570.0  0.674776  0.000000  0.000000  0.674776
 9575.0  0.672506  0.000000  0.000000  0.672506
 9580.0  0.670177  0.000000  0.000000  0.670177
 9585.0  0.667896  0.000000  0.000000  0.667896
 9590.0  0.665898  0.000000  0.000000  0.665898
 9595.0  0.664451  0.000000  0.000000  0.664451
 9600.0  0.663823  0.000000  0.000000  0.663823
 9605.0  0.664167  0.000000  0.000000  0.664167
 9610.0  0.665179  0.000000  0.000000  0.665179
 9615.0  0.666441  0.000000  0.000000  0.666441
 9620.0  0.667534  0.000000  0.000000  0.667534
 9625.0  0.668176  0.000000  0.000000  0.668176
 9630.0  0.668630  0.000000  0.000000  0.668630
 9635.0  0.669295  0.000000  0.000000  0.669295
 9640.0  0.670569  0.000000  0.000000  0.670569
 9645.0  0.672722  0.000000  0.000000  0.672722
 9650.0  0.675501  0.000000  0.000000  0.675501
 9655.0  0.678521  0.000000  0.000000  0.678521
 9660.0  0.681400  0.000000  0.000000  0.681400
 9665.0  0.683707  0.000000  0.000000  0.683707
 9670.0  0.684824  0.000000  0.000000  0.684824
 9675.0  0.684088  0.000000  0.000000  0.684088
 9680.0  0.680834  0.000000  0.000000  0.680834
 9685.0  0.674800  0.000000  0.000000  0.674800
 9690.0  0.667339  0.000000  0.000000  0.667339
 9695.0  0.660207  0.000000  0.000000  0.660207
 9700.0  0.655160  0.000000  0.000000  0.655160
 9705.0  0.653433  0.000000  0.000000  0.653433
 9710.0  0.654187  0.000000  0.000000  0.654187
 9715.0  0.656063  0.000000  0.000000  0.656063
 9720.0  0.657701  0.000000  0.000000  0.657701
 9725.0  0.658060  0.000000  0.000000  0.658060
 9730.0  0.657366  0.000000  0.000000  0.657366
 9735.0  0.656164  0.000000  0.000000  0.656164
 9740.0  0.655000  0.000000  0.000000  0.655000
 9745.0  0.654314  0.000000  0.000000  0.654314
 9750.0  0.654133  0.000000  0.000000  0.654133
 9755.0  0.654380  0.000000  0.000000  0.654380
 9760.0  0.654976  0.000000  0.000000  0.654976
 9765.0  0.655913  0.000000  0.000000  0.655913
 9770.0  0.657456  0.000000  0.000000  0.657456
 9775.0  0.659938  0.000000  0.000000  0.659938
 9780.0  0.663692  0.000000  0.000000  0.663692
 9785.0  0.668813  0.000000  0.000000  0.668813
 9790.0  0.674439  0.000000  0.000000  0.674439
 9795.0  0.679469  0.000000  0.000000  0.679469
 9800.0  0.682801  0.000000  0.000000  0.682801
 9805.0  0.683653  0.000000  0.000000  0.683653
 9810.0  0.682520  0.000000  0.000000  0.682520
 9815.0  0.680214  0.000000  0.000000  0.680214
 9820.0  0.677547  0.000000  0.000000  0.677547
 9825.0  0.675136  0.000000  0.000000  0.675136
 9830.0  0.672808  0.000000  0.000000  0.672808
 9835.0  0.670193  0.000000  0.000000  0.670193
 9840.0  0.666922  0.000000  0.000000  0.666922
 9845.0  0.662805  0.000000  0.000000  0.662805
 9850.0  0.658379  0.000000  0.000000  0.658379
 9855.0  0.654360  0.000000  0.000000  0.654360
 9860.0  0.651464  0.000000  0.000000  0.651464
 9865.0  0.650203  0.000000  0.000000  0.650203
 9870.0  0.650271  0.000000  0.000000  0.650271
 9875.0  0.651157  0.000000  0.000000  0.651157
 9880.0  0.652352  0.000000  0.000000  0.652352
 9885.0  0.653375  0.000000  0.000000  0.653375
 9890.0  0.653872  0.000000  0.000000  0.653872
 9895.0  0.653520  0.000000  0.000000  0.653520
 9900.0  0.651997  0.000000  0.000000  0.651997
 9905.0  0.649175  0.000000  0.000000  0.649175
 9910.0  0.645711  0.000000  0.000000  0.645711
 9915.0  0.642459  0.000000  0.000000  0.642459
 9920.0  0.640273  0.000000  0.000000  0.640273
 9925.0  0.639747  0.000000  0.000000  0.639747
 9930.0  0.640440  0.000000  0.000000  0.640440
 9935.0  0.641651  0.000000  0.000000  0.641651
 9940.0  0.642680  0.000000  0.000000  0.642680
 9945.0  0.643029  0.000000  0.000000  0.643029
 9950.0  0.643004  0.000000  0.000000  0.643004
 9955.0  0.643115  0.000000  0.000000  0.643115
 9960.0  0.643871  0.000000  0.000000  0.643871
 9965.0  0.645616  0.000000  0.000000  0.645616
 9970.0  0.648038  0.000000  0.000000  0.648038
 9975.0  0.650657  0.000000  0.000000  0.650657
 9980.0  0.652997  0.000000  0.000000  0.652997
 9985.0  0.654653  0.000000  0.000000  0.654653
 9990.0  0.655516  0.000000  0.000000  0.655516
 9995.0  0.655551  0.000000  0.000000  0.655551
10000.0  0.654723  0.000000  0.000000  0.654723
10005.0  0.653055  0.000000  0.000000  0.653055
10010.0  0.650809  0.000000  0.000000  0.650809
10015.0  0.648303  0.000000  0.000000  0.648303
10020.0  0.645859  0.000000  0.000000  0.645859
10025.0  0.643756  0.000000  0.000000  0.643756
10030.0  0.642123  0.000000  0.000000  0.642123
10035.0  0.641046  0.000000  0.000000  0.641046
10040.0  0.640614  0.000000  0.000000  0.640614
10045.0  0.640857  0.000000  0.000000  0.640857
10050.0  0.641572  0.000000  0.000000  0.641572
10055.0  0.642500  0.000000  0.000000  0.642500
10060.0  0.643380  0.000000  0.000000  0.643380
10065.0  0.643992  0.000000  0.000000  0.643992
10070.0  0.644277  0.000000  0.000000  0.644277
10075.0  0.644214  0.000000  0.000000  0.644214
10080.0  0.643784  0.000000  0.000000  0.643784
10085.0  0.643033  0.000000  0.000000  0.643033
10090.0  0.642260  0.000000  0.000000  0.642260
10095.0  0.641833  0.000000  0.000000  0.641833
10100.0  0.642115  0.000000  0.000000  0.642115
10105.0  0.643289  0.000000  0.000000  0.643289
10110.0  0.644795  0.000000  0.000000  0.644795
10115.0  0.645892  0.000000  0.000000  0.645892
10120.0  0.645836  0.000000  0.000000  0.645836
10125.0  0.644191  0.000000  0.000000  0.644191
10130.0  0.641742  0.000000  0.000000  0.641742
10135.0  0.639582  0.000000  0.000000  0.639582
10140.0  0.638802  0.000000  0.000000  0.638802
10145.0  0.640089  0.000000  0.000000  0.640089
10150.0  0.642497  0.000000  0.000000  0.642497
10155.0  0.644674  0.000000  0.000000  0.644674
10160.0  0.645267  0.000000  0.000000  0.645267
10165.0  0.643328  0.000000  0.000000  0.643328
10170.0  0.639527  0.000000  0.000000  0.639527
10175.0  0.634933  0.000000  0.000000  0.634933
10180.0  0.630620  0.000000  0.000000  0.630620
10185.0  0.627411  0.000000  0.000000  0.627411
10190.0  0.625135  0.000000  0.000000  0.625135
10195.0  0.623371  0.000000  0.000000  0.623371
10200.0  0.621700  0.000000  0.000000  0.621700
10205.0  0.619860  0.000000  0.000000  0.619860
10210.0  0.618223  0.000000  0.000000  0.618223
10215.0  0.617319  0.000000  0.000000  0.617319
10220.0  0.617677  0.000000  0.000000  0.617677
10225.0  0.619541  0.000000  0.000000  0.619541
10230.0  0.622004  0.000000  0.000000  0.622004
10235.0  0.623873  0.000000  0.000000  0.623873
10240.0  0.623955  0.000000  0.000000  0.623955
10245.0  0.621512  0.000000  0.000000  0.621512
10250.0  0.617633  0.000000  0.000000  0.617633
10255.0  0.613862  0.000000  0.000000  0.613862
10260.0  0.611742  0.000000  0.000000  0.611742
10265.0  0.612311  0.000000  0.000000  0.612311
10270.0  0.614583  0.000000  0.000000  0.614583
10275.0  0.617064  0.000000  0.000000  0.617064
10280.0  0.618262  0.000000  0.000000  0.618262
10285.0  0.617105  0.000000  0.000000  0.617105
10290.0  0.614204  0.000000  0.000000  0.614204
10295.0  0.610591  0.000000  0.000000  0.610591
10300.0  0.607298  0.000000  0.000000  0.607298
10305.0  0.605123  0.000000  0.000000  0.605123
10310.0  0.603925  0.000000  0.000000  0.603925
10315.0  0.603330  0.000000  0.000000  0.603330
10320.0  0.602964  0.000000  0.000000  0.602964
10325.0  0.602540  0.000000  0.000000  0.602540
10330.0  0.602120  0.000000  0.000000  0.602120
10335.0  0.601855  0.000000  0.000000  0.601855
10340.0  0.601895  0.000000  0.000000  0.601895
10345.0  0.602331  0.000000  0.000000  0.602331
10350.0  0.603014  0.000000  0.000000  0.603014
10355.0  0.603738  0.000000  0.000000  0.603738
10360.0  0.604295  0.000000  0.000000  0.604295
10365.0  0.604536  0.000000  0.000000  0.604536
10370.0  0.604535  0.000000  0.000000  0.604535
10375.0  0.604425  0.000000  0.000000  0.604425
10380.0  0.604340  0.000000  0.000000  0.604340
10385.0  0.604354  0.000000  0.000000  0.604354
10390.0  0.604317  0.000000  0.000000  0.604317
10395.0  0.604023  0.000000  0.000000  0.604023
10400.0  0.603263  0.000000  0.000000  0.603263
10405.0  0.601927  0.000000  0.000000  0.601927
10410.0  0.600281  0.000000  0.000000  0.600281
10415.0  0.598686  0.000000  0.000000  0.598686
10420.0  0.597503  0.000000  0.000000  0.597503
10425.0  0.596985  0.000000  0.000000  0.596985
10430.0  0.596946  0.000000  0.000000  0.596946
10435.0  0.597092  0.000000  0.000000  0.597092
10440.0  0.597128  0.000000  0.000000  0.597128
10445.0  0.596862  0.000000  0.000000  0.596862
10450.0  0.596504  0.000000  0.000000  0.596504
10455.0  0.596368  0.000000  0.000000  0.596368
10460.0  0.596766  0.000000  0.000000  0.596766
10465.0  0.597867  0.000000  0.000000  0.597867
10470.0  0.599264  0.000000  0.000000  0.599264
10475.0  0.600406  0.000000  0.000000  0.600406
10480.0  0.600740  0.000000  0.000000  0.600740
10485.0  0.599976  0.000000  0.000000  0.599976
10490.0  0.598867  0.000000  0.000000  0.598867
10495.0  0.598427  0.000000  0.000000  0.598427
10500.0  0.599669  0.000000  0.000000  0.599669
10505.0  0.603203  0.000000  0.000000  0.603203
10510.0  0.608025  0.000000  0.000000  0.608025
10515.0  0.612725  0.000000  0.000000  0.612725
10520.0  0.615895  0.000000  0.000000  0.615895
10525.0  0.616468  0.000000  0.000000  0.616468
10530.0  0.614743  0.000000  0.000000  0.614743
10535.0  0.611361  0.000000  0.000000  0.611361
10540.0  0.606963  0.000000  0.000000  0.606963
10545.0  0.602227  0.000000  0.000000  0.602227
10550.0  0.597989  0.000000  0.000000  0.597989
10555.0  0.595120  0.000000  0.000000  0.595120
10560.0  0.594494  0.000000  0.000000  0.594494
10565.0  0.596551  0.000000  0.000000  0.596551
10570.0  0.600009  0.000000  0.000000  0.600009
10575.0  0.603153  0.000000  0.000000  0.603153
10580.0  0.604269  0.000000  0.000000  0.604269
10585.0  0.602224  0.000000  0.000000  0.602224
10590.0  0.598223  0.000000  0.000000  0.598223
10595.0  0.594050  0.000000  0.000000  0.594050
10600.0  0.591493  0.000000  0.000000  0.591493
10605.0  0.591897  0.000000  0.000000  0.591897
10610.0  0.594851  0.000000  0.000000  0.594851
10615.0  0.599507  0.000000  0.000000  0.599507
10620.0  0.605012  0.000000  0.000000  0.605012
