9.090000000000000568e+01 2.814412726553914493e-51
9.350000000000000000e+01 2.660065500425743267e-51
9.609999999999999432e+01 2.518075671381263033e-51
9.769999999999998863e+01 2.436275652295211714e-51
9.960000000000000853e+01 2.344211950321058118e-51
1.020000000000000000e+02 2.235193927441075930e-51
1.038000000000000114e+02 2.158344899697519990e-51
1.056000000000000085e+02 2.085392061694443743e-51
1.076999999999999886e+02 2.004860437242017495e-51
1.103999999999999915e+02 1.907995761550304550e-51
1.140000000000000000e+02 1.789393476538700681e-51
1.177999999999999972e+02 1.675810748059137035e-51
1.213000000000000114e+02 1.580498000236307148e-51
1.248000000000000114e+02 1.493091357781228842e-51
1.271000000000000085e+02 1.439542367755736764e-51
1.284000000000000057e+02 1.410540320181830147e-51
1.305000000000000000e+02 1.365508881026230111e-51
1.324000000000000057e+02 1.326598745282134554e-51
1.339000000000000057e+02 1.297043072232237280e-51
1.365999999999999943e+02 1.246275776122103457e-51
1.398000000000000114e+02 1.189874643169833298e-51
1.433000000000000114e+02 1.132460783627131733e-51
1.472000000000000171e+02 1.073247615872045976e-51
1.510000000000000000e+02 1.019909548752114118e-51
1.551999999999999886e+02 9.654551834138589407e-52
1.588000000000000114e+02 9.221775731833585292e-52
1.620000000000000000e+02 8.861056859128544515e-52
1.660000000000000000e+02 8.439163021155810590e-52
1.703000000000000114e+02 8.018373027977276522e-52
1.734000000000000057e+02 7.734235043048705762e-52
1.768000000000000114e+02 7.439624758494704052e-52
1.801999999999999886e+02 7.161532697390419069e-52
1.817000000000000171e+02 7.043778616586924520e-52
1.860999999999999943e+02 6.714641126565211830e-52
1.910000000000000000e+02 6.374539519502467889e-52
1.939000000000000057e+02 6.185288116085463822e-52
1.984000000000000057e+02 5.907887500481917665e-52
2.018000000000000114e+02 5.710488070472033225e-52
2.050000000000000000e+02 5.533600861653052450e-52
2.105000000000000000e+02 5.248211784202741741e-52
2.162000000000000171e+02 4.975127019705635380e-52
2.198000000000000114e+02 4.813491134114177759e-52
2.230000000000000000e+02 4.676337272234903472e-52
2.268000000000000114e+02 4.520947377106400172e-52
2.300000000000000000e+02 4.396022234611899951e-52
2.340000000000000000e+02 4.247015417688829454e-52
2.400000000000000000e+02 4.037319031440443728e-52
2.465000000000000000e+02 3.827204822253447177e-52
2.523999999999999773e+02 3.650369703005969565e-52
2.568000000000000114e+02 3.526350800454575367e-52
2.600000000000000000e+02 3.440082488327951657e-52
2.640000000000000000e+02 3.336627298711110286e-52
2.685000000000000000e+02 3.225722268495844345e-52
2.735000000000000000e+02 3.108858038507793027e-52
2.785000000000000000e+02 1.067520302852427593e-39
2.840000000000000000e+02 8.137332237406012078e-39
2.900000000000000000e+02 4.190869651668791585e-38
2.960000000000000000e+02 1.974983332480168247e-37
3.010000000000000000e+02 6.865783616149075477e-37
3.080000000000000000e+02 3.669990413069683775e-36
3.180000000000000000e+02 3.545596857344179841e-35
3.280000000000000000e+02 2.987928309008990476e-34
3.380000000000000000e+02 2.221397644681830443e-33
3.480000000000000000e+02 1.474211922386424377e-32
3.570000000000000000e+02 7.386722919558944996e-32
3.660000000000000000e+02 3.419254421639386021e-31
3.750000000000000000e+02 1.469415658195777448e-30
3.850000000000000000e+02 6.850583400406128635e-30
3.950000000000000000e+02 2.948285958679178159e-29
4.050000000000000000e+02 1.179895798288633269e-28
4.140000000000000000e+02 3.879353942346403873e-28
4.220000000000000000e+02 1.069432407929604040e-27
4.300000000000000000e+02 2.834614574712185899e-27
4.410000000000000000e+02 1.019981972551144287e-26
4.510000000000000000e+02 3.094357589269419456e-26
4.600000000000000000e+02 8.050985021024099082e-26
4.700000000000000000e+02 2.228117600952997095e-25
4.800000000000000000e+02 5.893678322096759980e-25
4.900000000000000000e+02 1.497092377964579630e-24
5.000000000000000000e+02 3.660609389052113015e-24
5.060000000000000000e+02 6.645532207434894760e-24
5.120000000000000000e+02 1.133544343881137272e-23
5.200000000000000000e+02 2.167423971771026177e-23
5.300000000000000000e+02 4.747273175032262285e-23
5.400000000000000000e+02 1.005242595383837753e-22
5.500000000000000000e+02 2.077417255520340377e-22
5.600000000000000000e+02 4.171506332962971838e-22
5.700000000000000000e+02 8.158918495625859781e-22
5.800000000000000000e+02 1.554985186471328754e-21
5.900000000000000000e+02 2.909374904908854976e-21
6.000000000000000000e+02 5.316729283227794035e-21
6.100000000000000000e+02 9.514471239547972733e-21
6.200000000000000000e+02 1.668198377736078463e-20
6.300000000000000000e+02 2.871275379747685181e-20
6.400000000000000000e+02 4.857424692945729793e-20
6.500000000000000000e+02 8.077864095792163219e-20
6.580000000000000000e+02 1.198777263572174266e-19
6.650000000000000000e+02 1.679236953393609575e-19
6.750000000000000000e+02 2.683054292951055291e-19
6.850000000000000000e+02 4.226061039604790697e-19
6.950000000000000000e+02 6.565935759774759425e-19
7.050000000000000000e+02 1.006369666459784434e-18
7.160000000000000000e+02 1.585981795407471889e-18
7.260000000000000000e+02 2.367428067361861162e-18
7.350000000000000000e+02 3.362213373970843058e-18
7.450000000000000000e+02 4.912650387052147018e-18
7.550000000000000000e+02 7.098978423134214066e-18
7.650000000000000000e+02 1.015195279258037352e-17
7.750000000000000000e+02 1.437364489865728582e-17
7.850000000000000000e+02 2.015838486342060276e-17
7.950000000000000000e+02 2.801154896869761249e-17
8.050000000000000000e+02 3.858451515636502293e-17
8.150000000000000000e+02 5.268754672586669973e-17
8.250000000000000000e+02 7.135791220078749531e-17
8.350000000000000000e+02 9.588156860893888129e-17
8.450000000000000000e+02 1.278619629910220702e-16
8.550000000000000000e+02 1.692495831569156262e-16
8.650000000000000000e+02 2.224438600554017672e-16
8.750000000000000000e+02 2.903433664000859008e-16
8.850000000000000000e+02 3.764558175210038863e-16
8.950000000000000000e+02 4.850583089582571550e-16
9.050000000000000000e+02 6.210786520605290140e-16
9.150000000000000000e+02 3.806177363097035112e-14
9.250000000000000000e+02 5.812754169670131024e-14
9.350000000000000000e+02 8.820511192861721999e-14
9.450000000000000000e+02 1.418590824855830041e-13
9.550000000000000000e+02 1.998341644889790043e-13
9.650000000000000000e+02 2.600879310840288382e-13
9.750000000000000000e+02 2.267188657320862081e-13
9.850000000000000000e+02 3.663604083985332798e-13
9.950000000000000000e+02 4.068575247645466335e-13
1.005000000000000000e+03 5.055410554059809189e-13
1.015000000000000000e+03 5.661006888587353097e-13
1.025000000000000000e+03 4.406738382186025279e-13
1.035000000000000000e+03 7.359266852016959161e-13
1.045000000000000000e+03 8.988516803451215745e-13
1.055000000000000000e+03 1.034122438809724817e-12
1.065000000000000000e+03 1.145807319231195771e-12
1.075000000000000000e+03 1.344214528183152123e-12
1.085000000000000000e+03 1.521792495280380611e-12
1.095000000000000000e+03 1.669647869500113512e-12
1.105000000000000000e+03 2.739496000670408786e-12
1.115000000000000000e+03 7.531708810661535174e-11
1.125000000000000000e+03 1.345622571001216337e-10
1.135000000000000000e+03 1.918559953401140161e-10
1.145000000000000000e+03 1.663043654181702144e-10
1.155000000000000000e+03 1.569749951329367357e-10
1.165000000000000000e+03 1.168654894733399721e-10
1.175000000000000000e+03 4.924618893385325674e-11
1.185000000000000000e+03 3.464334123632089886e-11
1.195000000000000000e+03 5.690362452716099442e-12
1.205000000000000000e+03 4.546650311842575183e-12
1.215000000000000000e+03 1.223046388419344263e-12
1.225000000000000000e+03 4.871434187882934104e-12
1.235000000000000000e+03 9.965985673886680281e-12
1.245000000000000000e+03 1.977539693899639980e-11
1.255000000000000000e+03 1.911453350662504808e-10
1.265000000000000000e+03 4.563143741051691943e-10
1.275000000000000000e+03 1.244484452593513141e-09
1.285000000000000000e+03 2.298279479893298466e-09
1.295000000000000000e+03 2.695704453744725504e-09
1.305000000000000000e+03 1.809299267359754672e-09
1.315000000000000000e+03 3.355997440671251445e-09
1.325000000000000000e+03 4.014588853429441535e-09
1.335000000000000000e+03 3.990422724226104707e-09
1.345000000000000000e+03 5.002253511752163225e-09
1.355000000000000000e+03 4.658021113402385963e-09
1.365000000000000000e+03 4.283862176757561934e-09
1.375000000000000000e+03 4.557571939091598903e-09
1.385000000000000000e+03 4.215951758689766266e-09
1.395000000000000000e+03 4.369031772895650769e-09
1.405000000000000000e+03 5.038274730761133128e-09
1.415000000000000000e+03 5.164529189175528467e-09
1.425000000000000000e+03 5.700177337679186176e-09
1.435000000000000000e+03 5.147829830154953949e-09
1.442000000000000000e+03 5.849627859150568821e-09
1.447000000000000000e+03 6.264639633404830700e-09
1.455000000000000000e+03 6.406516873336954367e-09
1.465000000000000000e+03 5.860480112067798384e-09
1.475000000000000000e+03 5.707318412770913444e-09
1.485000000000000000e+03 5.958988970526575814e-09
1.495000000000000000e+03 6.420273419804196974e-09
1.505000000000000000e+03 6.565012550262370362e-09
1.512000000000000000e+03 6.056283711108619594e-09
1.517000000000000000e+03 6.187406514956471817e-09
1.525000000000000000e+03 5.756280098537241443e-09
1.535000000000000000e+03 5.563582493432742116e-09
1.545000000000000000e+03 6.143745425620750862e-09
1.555000000000000000e+03 5.242698089551837754e-09
1.565000000000000000e+03 4.540994000904705308e-09
1.575000000000000000e+03 5.489224645183012992e-09
1.585000000000000000e+03 6.033250894606320739e-09
1.595000000000000000e+03 6.428598007562368152e-09
1.605000000000000000e+03 6.088298257516990186e-09
1.615000000000000000e+03 6.052900202172090382e-09
1.625000000000000000e+03 5.455871752112467744e-09
1.635000000000000000e+03 5.713470084405187641e-09
1.645000000000000000e+03 6.213811645313832177e-09
1.655000000000000000e+03 4.997180732788216620e-09
1.665000000000000000e+03 6.138491766862399910e-09
1.672000000000000000e+03 4.604268390174348091e-09
1.677000000000000000e+03 5.768655120082275507e-09
1.685000000000000000e+03 6.331579881776393166e-09
1.695000000000000000e+03 5.756543472663113365e-09
1.705000000000000000e+03 5.607940399933814483e-09
1.715000000000000000e+03 5.731382750369989368e-09
1.725000000000000000e+03 5.637380762159908270e-09
1.735000000000000000e+03 5.936678249328330663e-09
1.745000000000000000e+03 5.744194669898629546e-09
1.755000000000000000e+03 6.214610471643867749e-09
1.765000000000000000e+03 5.362064075382658349e-09
1.775000000000000000e+03 5.970909888541600072e-09
1.785000000000000000e+03 5.896094897449792210e-09
1.795000000000000000e+03 6.344396892535860030e-09
1.805000000000000000e+03 6.014836500071663211e-09
1.815000000000000000e+03 5.972812146600164058e-09
1.825000000000000000e+03 5.707566930340612444e-09
1.835000000000000000e+03 5.592833796588209999e-09
1.845000000000000000e+03 5.187716649769725860e-09
1.855000000000000000e+03 5.422873444488376644e-09
1.865000000000000000e+03 5.456271047732971471e-09
1.875000000000000000e+03 5.643500712843744645e-09
1.885000000000000000e+03 5.617356099370998757e-09
1.895000000000000000e+03 5.561075823070237990e-09
1.905000000000000000e+03 5.287470651730348458e-09
1.915000000000000000e+03 5.491561957575540709e-09
1.925000000000000000e+03 5.535942874919741457e-09
1.935000000000000000e+03 5.335648630392663229e-09
1.945000000000000000e+03 5.655103591313338761e-09
1.955000000000000000e+03 5.575190551660739436e-09
1.967000000000000000e+03 5.674584014280896180e-09
1.976000000000000000e+03 5.539628677360793134e-09
1.984000000000000000e+03 5.422672700067338171e-09
1.995000000000000000e+03 5.286613301673309890e-09
2.005000000000000000e+03 5.187616580959350412e-09
2.015000000000000000e+03 5.012941181409625514e-09
2.025000000000000000e+03 4.961568022709103495e-09
2.035000000000000000e+03 5.118788913790224869e-09
2.045000000000000000e+03 5.255021813754163257e-09
2.055000000000000000e+03 5.032303389641181549e-09
2.065000000000000000e+03 4.961977449761089845e-09
2.074000000000000000e+03 5.164451310830349263e-09
2.078000000000000000e+03 5.276155346072166231e-09
2.085000000000000000e+03 5.216126753677444057e-09
2.095000000000000000e+03 5.038916341742327374e-09
2.105000000000000000e+03 4.934526165860943743e-09
2.115000000000000000e+03 4.931851325700371439e-09
2.125000000000000000e+03 4.967941307868479178e-09
2.135000000000000000e+03 4.346391105247620840e-09
2.145000000000000000e+03 4.784905185234265127e-09
2.155000000000000000e+03 4.794381301724918638e-09
2.165000000000000000e+03 4.580465952567956522e-09
2.175000000000000000e+03 4.519370123177271865e-09
2.185000000000000000e+03 4.537815262035227780e-09
2.195000000000000000e+03 4.769510104838220798e-09
2.205000000000000000e+03 4.585392983740198119e-09
2.215000000000000000e+03 4.239498136558708702e-09
2.225000000000000000e+03 4.208005279359893618e-09
2.235000000000000000e+03 4.610931484815852863e-09
2.245000000000000000e+03 4.202620631846813712e-09
2.255000000000000000e+03 4.127563188169391098e-09
2.265000000000000000e+03 4.119210685500038887e-09
2.275000000000000000e+03 4.361429250312066781e-09
2.285000000000000000e+03 4.469516248154559363e-09
2.295000000000000000e+03 4.199692072775658642e-09
2.305000000000000000e+03 4.164775674051255716e-09
2.315000000000000000e+03 4.067559157236367596e-09
2.325000000000000000e+03 4.064909590768561436e-09
2.335000000000000000e+03 3.921702302141567009e-09
2.345000000000000000e+03 3.621819487093125834e-09
2.355000000000000000e+03 4.030435819343512225e-09
2.365000000000000000e+03 3.655658674262074823e-09
2.375000000000000000e+03 3.855277734407123145e-09
2.385000000000000000e+03 3.426577311924618275e-09
2.395000000000000000e+03 3.713033492232277148e-09
2.405000000000000000e+03 3.560156192946113377e-09
2.415000000000000000e+03 3.631772273878963540e-09
2.425000000000000000e+03 3.812339996959254796e-09
2.435000000000000000e+03 3.647465813570533559e-09
2.445000000000000000e+03 3.860820311020162105e-09
2.455000000000000000e+03 3.724790570655034166e-09
2.465000000000000000e+03 3.702284856855094774e-09
2.475000000000000000e+03 3.560891362013920460e-09
2.485000000000000000e+03 3.730411194714756478e-09
2.495000000000000000e+03 3.613301578685002370e-09
2.505000000000000000e+03 3.916082201778184231e-09
2.513000000000000000e+03 3.605250510150238883e-09
2.518000000000000000e+03 3.638444653637287207e-09
2.525000000000000000e+03 3.423377790390237860e-09
2.535000000000000000e+03 3.371127041316681457e-09
2.545000000000000000e+03 3.382026845711526350e-09
2.555000000000000000e+03 3.574082357412322509e-09
2.565000000000000000e+03 3.565355456364617123e-09
2.575000000000000000e+03 3.764633275216961478e-09
2.585000000000000000e+03 3.768624014888138254e-09
2.595000000000000000e+03 3.728238645941508970e-09
2.605000000000000000e+03 3.580071430146512696e-09
2.615000000000000000e+03 3.554103032557195378e-09
2.625000000000000000e+03 3.699531543836223569e-09
2.635000000000000000e+03 3.712701305659253573e-09
2.645000000000000000e+03 4.019410273037965600e-09
2.655000000000000000e+03 3.969395059558429358e-09
2.665000000000000000e+03 3.726831065522783659e-09
2.675000000000000000e+03 3.837139098713134823e-09
2.685000000000000000e+03 3.842802938459099285e-09
2.695000000000000000e+03 3.687225253452280504e-09
2.705000000000000000e+03 3.739468313554030131e-09
2.715000000000000000e+03 3.590511382920809678e-09
2.725000000000000000e+03 3.606172369422525960e-09
2.735000000000000000e+03 3.817366785483718752e-09
2.745000000000000000e+03 3.372034823615122095e-09
2.755000000000000000e+03 3.399379512005173889e-09
2.765000000000000000e+03 3.508368703363631892e-09
2.775000000000000000e+03 3.683648704645930419e-09
2.785000000000000000e+03 3.619464989758322566e-09
2.795000000000000000e+03 2.970415412420159029e-09
2.805000000000000000e+03 3.249417790186736036e-09
2.815000000000000000e+03 3.739058583651982131e-09
2.825000000000000000e+03 3.742356278208137640e-09
2.835000000000000000e+03 3.624859439384895075e-09
2.845000000000000000e+03 3.515814646104545432e-09
2.855000000000000000e+03 3.429603584373823833e-09
2.865000000000000000e+03 3.585607651503254831e-09
2.875000000000000000e+03 3.506970697883989848e-09
2.885000000000000000e+03 3.576858338748300413e-09
2.895000000000000000e+03 3.484209900914440180e-09
2.910000000000000000e+03 3.727669663192098200e-09
2.930000000000000000e+03 3.596501675445308397e-09
2.950000000000000000e+03 3.582105221612234112e-09
2.970000000000000000e+03 3.599405235302936342e-09
2.990000000000000000e+03 3.601616796475525303e-09
3.010000000000000000e+03 3.635536249547105053e-09
3.030000000000000000e+03 3.603658487461429061e-09
3.050000000000000000e+03 3.569051652312832462e-09
3.070000000000000000e+03 3.526895396619166914e-09
3.090000000000000000e+03 3.548365408633775814e-09
3.110000000000000000e+03 3.485803244286800718e-09
3.130000000000000000e+03 3.462287171057377172e-09
3.150000000000000000e+03 3.480568159545586862e-09
3.170000000000000000e+03 3.454144209341252555e-09
3.190000000000000000e+03 3.351779792146588982e-09
3.210000000000000000e+03 3.392067361973264661e-09
3.230000000000000000e+03 3.331689669818901707e-09
3.250000000000000000e+03 3.348713897437961196e-09
3.270000000000000000e+03 3.352894739915755388e-09
3.290000000000000000e+03 3.359949392894884957e-09
3.310000000000000000e+03 3.356188697664178608e-09
3.330000000000000000e+03 3.296491796715841725e-09
3.350000000000000000e+03 3.245644029576667920e-09
3.370000000000000000e+03 3.244706376422283440e-09
3.390000000000000000e+03 3.214425577667486114e-09
3.410000000000000000e+03 3.243226733011663993e-09
3.430000000000000000e+03 3.226862813661041077e-09
3.450000000000000000e+03 3.204797898415066618e-09
3.470000000000000000e+03 3.170858442667656676e-09
3.490000000000000000e+03 3.155431273995036068e-09
3.510000000000000000e+03 3.161478276927564499e-09
3.530000000000000000e+03 3.154682275172924185e-09
3.550000000000000000e+03 3.142302506087364161e-09
3.570000000000000000e+03 3.097340156596919265e-09
3.590000000000000000e+03 3.080427964613613403e-09
3.610000000000000000e+03 3.064234714815547294e-09
3.630000000000000000e+03 3.049269234625087172e-09
3.640000000000000000e+03 3.036048310362087347e-09
3.650000000000000000e+03 3.065168367997466928e-09
3.670000000000000000e+03 3.049980520879044928e-09
3.690000000000000000e+03 2.937761371027597892e-09
3.710000000000000000e+03 3.029846884424928648e-09
3.730000000000000000e+03 3.134669804469609467e-09
3.750000000000000000e+03 4.018456676925554428e-09
3.770000000000000000e+03 4.347184382039730968e-09
3.790000000000000000e+03 5.459955345420142898e-09
3.810000000000000000e+03 6.470363826086103817e-09
3.830000000000000000e+03 5.067012219631334932e-09
3.850000000000000000e+03 7.182718635918778051e-09
3.870000000000000000e+03 8.192780775190857193e-09
3.890000000000000000e+03 4.350824440830261037e-09
3.910000000000000000e+03 8.118190541911319082e-09
3.930000000000000000e+03 8.457812834332880997e-09
3.950000000000000000e+03 8.082783860228089997e-09
3.970000000000000000e+03 4.151422111853915872e-09
3.990000000000000000e+03 7.675840686135153487e-09
4.010000000000000000e+03 8.505650322617374062e-09
4.030000000000000000e+03 8.466826955975863012e-09
4.050000000000000000e+03 8.358032383349535737e-09
4.070000000000000000e+03 7.971592092911809116e-09
4.090000000000000000e+03 6.079227747147433756e-09
4.110000000000000000e+03 4.569740075388449809e-09
4.130000000000000000e+03 7.509744301046861882e-09
4.150000000000000000e+03 7.813449718115235198e-09
4.170000000000000000e+03 7.745634488085463800e-09
4.190000000000000000e+03 7.666833448824578777e-09
4.210000000000000000e+03 7.572513578131531517e-09
4.230000000000000000e+03 7.421665017940751049e-09
4.250000000000000000e+03 7.336142506340349561e-09
4.270000000000000000e+03 7.196921464416728699e-09
4.290000000000000000e+03 7.095478128542434690e-09
4.310000000000000000e+03 6.692148887823492710e-09
4.330000000000000000e+03 4.900820237586112719e-09
4.350000000000000000e+03 4.148593496712220854e-09
4.370000000000000000e+03 6.443521344106761768e-09
4.390000000000000000e+03 6.579820487236968643e-09
4.410000000000000000e+03 6.564397876825914288e-09
4.430000000000000000e+03 6.516042704046901533e-09
4.450000000000000000e+03 6.473926543294194358e-09
4.470000000000000000e+03 6.387260204724517123e-09
4.490000000000000000e+03 6.249738859981016058e-09
4.510000000000000000e+03 6.220956406699708924e-09
4.530000000000000000e+03 6.129996357849789126e-09
4.550000000000000000e+03 6.005794296194033563e-09
4.570000000000000000e+03 5.998772255931210746e-09
4.590000000000000000e+03 5.895503351039767677e-09
4.610000000000000000e+03 5.882211649106148430e-09
4.630000000000000000e+03 5.758386988991264449e-09
4.650000000000000000e+03 5.733480359721025776e-09
4.670000000000000000e+03 5.657818832565624509e-09
4.690000000000000000e+03 5.552682653823328794e-09
4.710000000000000000e+03 5.400065303046725086e-09
4.730000000000000000e+03 5.446380529257442081e-09
4.750000000000000000e+03 5.375463976823004731e-09
4.770000000000000000e+03 5.300636895276339465e-09
4.790000000000000000e+03 5.220281433024606228e-09
4.810000000000000000e+03 5.105997087642706077e-09
4.830000000000000000e+03 4.860644902084146683e-09
4.850000000000000000e+03 3.697362780620278047e-09
4.870000000000000000e+03 2.994418118686168752e-09
4.890000000000000000e+03 4.565779460587985621e-09
4.910000000000000000e+03 4.784956810343885082e-09
4.930000000000000000e+03 4.748317342849295727e-09
4.950000000000000000e+03 4.743906955342965823e-09
4.970000000000000000e+03 4.705426854496903896e-09
4.990000000000000000e+03 4.647890875655648204e-09
5.010000000000000000e+03 4.556378503862243048e-09
5.030000000000000000e+03 4.537220921025852993e-09
5.050000000000000000e+03 4.466246718257847437e-09
5.070000000000000000e+03 4.440850206562896563e-09
5.090000000000000000e+03 4.389504411919454196e-09
5.110000000000000000e+03 4.337934255636319608e-09
5.130000000000000000e+03 4.286414753577248595e-09
5.150000000000000000e+03 4.231266829593351551e-09
5.170000000000000000e+03 4.138299964635569677e-09
5.190000000000000000e+03 4.101718647385167686e-09
5.210000000000000000e+03 4.088193466429632126e-09
5.230000000000000000e+03 4.019237892645235275e-09
5.250000000000000000e+03 4.001919818172774359e-09
5.270000000000000000e+03 3.924460926814243860e-09
5.290000000000000000e+03 3.911379480883042550e-09
5.310000000000000000e+03 3.849227826310077573e-09
5.330000000000000000e+03 3.809343930442107700e-09
5.350000000000000000e+03 3.784572210492854488e-09
5.370000000000000000e+03 3.736515389712162008e-09
5.390000000000000000e+03 3.697230966301393868e-09
5.410000000000000000e+03 3.649604751964925520e-09
5.430000000000000000e+03 3.614251474438671575e-09
5.450000000000000000e+03 3.579944237773447560e-09
5.470000000000000000e+03 3.540289812801711777e-09
5.490000000000000000e+03 3.503431842300288880e-09
5.510000000000000000e+03 3.465253022152187482e-09
5.530000000000000000e+03 3.423503533583985229e-09
5.550000000000000000e+03 3.391852872471464495e-09
5.570000000000000000e+03 3.354271419228067149e-09
5.590000000000000000e+03 3.318479572461475107e-09
5.610000000000000000e+03 3.284737548775722252e-09
5.630000000000000000e+03 3.250583345249288320e-09
5.650000000000000000e+03 3.214425577667485700e-09
5.670000000000000000e+03 3.179925882319591918e-09
5.690000000000000000e+03 3.147626653215522753e-09
5.710000000000000000e+03 3.114773906696716091e-09
5.730000000000000000e+03 3.083364765583343504e-09
5.750000000000000000e+03 3.049573376417090760e-09
5.770000000000000000e+03 3.018410783321557277e-09
5.790000000000000000e+03 2.986425990566386818e-09
5.810000000000000000e+03 2.955911573459039515e-09
5.830000000000000000e+03 2.925402772685325209e-09
5.850000000000000000e+03 2.895241374423487421e-09
5.870000000000000000e+03 2.862520344375745344e-09
5.890000000000000000e+03 2.821462007862285250e-09
5.910000000000000000e+03 2.806659218558530812e-09
5.930000000000000000e+03 2.778302453803437840e-09
5.950000000000000000e+03 2.748226585555975922e-09
5.970000000000000000e+03 2.721492112645735502e-09
5.990000000000000000e+03 2.692006613114963754e-09
6.010000000000000000e+03 2.665234815630495211e-09
6.030000000000000000e+03 2.640101456781548910e-09
6.050000000000000000e+03 2.613081488964132530e-09
6.070000000000000000e+03 2.587748270357566841e-09
6.090000000000000000e+03 2.561813097799990348e-09
6.110000000000000000e+03 2.536161492617188164e-09
6.130000000000000000e+03 2.509985047187102439e-09
6.150000000000000000e+03 2.474011460791061472e-09
6.170000000000000000e+03 2.460014338105896155e-09
6.190000000000000000e+03 2.437831310510728081e-09
6.210000000000000000e+03 2.413832291210970696e-09
6.230000000000000000e+03 2.389611378696798790e-09
6.250000000000000000e+03 2.360233087605785418e-09
6.270000000000000000e+03 2.344194184520733081e-09
6.290000000000000000e+03 2.321375429461565198e-09
6.310000000000000000e+03 2.297279864453340187e-09
6.330000000000000000e+03 2.276169754951599443e-09
6.350000000000000000e+03 2.242937706843776201e-09
6.370000000000000000e+03 2.225723340553175000e-09
6.390000000000000000e+03 2.210844408916912234e-09
6.410000000000000000e+03 2.188070661898720218e-09
6.430000000000000000e+03 2.167786889494708470e-09
6.450000000000000000e+03 2.137203412499299455e-09
6.470000000000000000e+03 2.120344336796458154e-09
6.490000000000000000e+03 2.092168261931591146e-09
6.510000000000000000e+03 2.058536282725742284e-09
6.530000000000000000e+03 1.987700635812378740e-09
6.550000000000000000e+03 1.703041812242282474e-09
6.570000000000000000e+03 1.392175957518183372e-09
6.590000000000000000e+03 1.866368302840127025e-09
6.610000000000000000e+03 1.951108407410428836e-09
6.630000000000000000e+03 1.956760184479599242e-09
6.650000000000000000e+03 1.946690657867348540e-09
6.670000000000000000e+03 1.931845300199603080e-09
6.690000000000000000e+03 1.918181589767732996e-09
6.710000000000000000e+03 1.902167015597776853e-09
6.730000000000000000e+03 1.883792813262227116e-09
6.750000000000000000e+03 1.866878650001346291e-09
6.770000000000000000e+03 1.850841522361392550e-09
6.790000000000000000e+03 1.833951870105834778e-09
6.810000000000000000e+03 1.817328697548512704e-09
6.830000000000000000e+03 1.800220433092855883e-09
6.850000000000000000e+03 1.784271904256449611e-09
6.870000000000000000e+03 1.768429036607893119e-09
6.890000000000000000e+03 1.752592825701803105e-09
6.910000000000000000e+03 1.736861359265729137e-09
6.930000000000000000e+03 1.721088349432584075e-09
6.950000000000000000e+03 1.705949315969047915e-09
6.970000000000000000e+03 1.690620373978049595e-09
6.990000000000000000e+03 1.675914637411847037e-09
7.010000000000000000e+03 1.659314041014411018e-09
7.030000000000000000e+03 1.645886472465554692e-09
7.050000000000000000e+03 1.631367853477767417e-09
7.070000000000000000e+03 1.617312611973202662e-09
7.090000000000000000e+03 1.603436038257305125e-09
7.110000000000000000e+03 1.583341515704660958e-09
7.130000000000000000e+03 1.574471272560946745e-09
7.150000000000000000e+03 1.560808070605073514e-09
7.170000000000000000e+03 1.547860662022909595e-09
7.190000000000000000e+03 1.534268232193054628e-09
7.210000000000000000e+03 1.521115733445726120e-09
7.230000000000000000e+03 1.507818159413078280e-09
7.250000000000000000e+03 1.494245781108068508e-09
7.270000000000000000e+03 1.482383704985681778e-09
7.290000000000000000e+03 1.469141348090774059e-09
7.310000000000000000e+03 1.456587272608059185e-09
7.330000000000000000e+03 1.444407843323141938e-09
7.350000000000000000e+03 1.432425322411258805e-09
7.370000000000000000e+03 1.420380165358318740e-09
7.390000000000000000e+03 1.408061004167232015e-09
7.410000000000000000e+03 1.395726911700186395e-09
7.430000000000000000e+03 1.382578293017509617e-09
7.450000000000000000e+03 1.371729305089127763e-09
7.470000000000000000e+03 1.358351009933592617e-09
7.490000000000000000e+03 1.348453516864112593e-09
7.510000000000000000e+03 1.337941102669986374e-09
7.530000000000000000e+03 1.327275120031497969e-09
7.550000000000000000e+03 1.316580838293128973e-09
7.570000000000000000e+03 1.305575084479566784e-09
7.590000000000000000e+03 1.294828367285687203e-09
7.610000000000000000e+03 1.284176441059261506e-09
7.630000000000000000e+03 1.273498423856632815e-09
7.650000000000000000e+03 1.262755424466178041e-09
7.670000000000000000e+03 1.252107013131719292e-09
7.690000000000000000e+03 1.242142018796622728e-09
7.710000000000000000e+03 1.231715747568282820e-09
7.730000000000000000e+03 1.222197900240705764e-09
7.750000000000000000e+03 1.212142282195516572e-09
7.770000000000000000e+03 1.183838887194078392e-09
7.790000000000000000e+03 1.192713249432753566e-09
7.810000000000000000e+03 1.183066769744720704e-09
7.830000000000000000e+03 1.173123852010534407e-09
7.850000000000000000e+03 1.163078086546647967e-09
7.870000000000000000e+03 1.151767492374933384e-09
7.890000000000000000e+03 1.141116830519209305e-09
7.910000000000000000e+03 1.135279288545451256e-09
7.930000000000000000e+03 1.126749511817945239e-09
7.950000000000000000e+03 1.115862663304469265e-09
7.970000000000000000e+03 1.109390737209486992e-09
7.990000000000000000e+03 1.094809925582931387e-09
8.010000000000000000e+03 1.091705473569149958e-09
8.030000000000000000e+03 1.082920077865969935e-09
8.050000000000000000e+03 1.074603149513905206e-09
8.070000000000000000e+03 1.065962473500897754e-09
8.090000000000000000e+03 1.057678257286602658e-09
8.110000000000000000e+03 1.049462693314338182e-09
8.130000000000000000e+03 1.041420619702996437e-09
8.150000000000000000e+03 1.033339717997179703e-09
8.170000000000000000e+03 1.025290525883216355e-09
8.190000000000000000e+03 1.014533976880230373e-09
8.210000000000000000e+03 1.010183592905652420e-09
8.230000000000000000e+03 1.002430130207281516e-09
8.250000000000000000e+03 9.956965656477610903e-10
8.270000000000000000e+03 9.919745085204494061e-10
8.290000000000000000e+03 9.845883786052608141e-10
8.310000000000000000e+03 9.779016109496980972e-10
8.330000000000000000e+03 9.676481272853905192e-10
8.350000000000000000e+03 9.634518352655264480e-10
8.370000000000000000e+03 9.555999765849461728e-10
8.390000000000000000e+03 9.470851488755236326e-10
8.410000000000000000e+03 9.382787401799905328e-10
8.430000000000000000e+03 9.304941257299903349e-10
8.450000000000000000e+03 9.159657268803343270e-10
8.470000000000000000e+03 9.007212167918454696e-10
8.490000000000000000e+03 9.146464121971233047e-10
8.510000000000000000e+03 8.697958675597701903e-10
8.530000000000000000e+03 9.107866001223181616e-10
8.550000000000000000e+03 8.224847704161440069e-10
8.570000000000000000e+03 9.162361289642747048e-10
8.590000000000000000e+03 8.462639938441230858e-10
8.610000000000000000e+03 8.248014028086379173e-10
8.630000000000000000e+03 9.221811305001650791e-10
8.650000000000000000e+03 8.787295490277311692e-10
8.670000000000000000e+03 7.272346526277836619e-10
8.690000000000000000e+03 8.988973383951501955e-10
8.710000000000000000e+03 9.343782081462474275e-10
8.730000000000000000e+03 8.908924836388167280e-10
8.750000000000000000e+03 6.922194079148402915e-10
8.770000000000000000e+03 8.414826713759971406e-10
8.790000000000000000e+03 9.290052196722391811e-10
8.810000000000000000e+03 9.379451535550487274e-10
8.830000000000000000e+03 9.097508331638631305e-10
8.850000000000000000e+03 7.926979585279409794e-10
8.870000000000000000e+03 6.657540719799430673e-10
8.890000000000000000e+03 8.556114005654122116e-10
8.910000000000000000e+03 9.035348721316362317e-10
8.930000000000000000e+03 9.097571291773665076e-10
8.950000000000000000e+03 9.082504905290324109e-10
8.970000000000000000e+03 8.895803310921739858e-10
8.990000000000000000e+03 8.354740336700538358e-10
9.010000000000000000e+03 6.517567677241070659e-10
9.030000000000000000e+03 7.146670971586878251e-10
9.050000000000000000e+03 8.368973790566011185e-10
9.070000000000000000e+03 8.545815090559666485e-10
9.090000000000000000e+03 8.517538675642768891e-10
9.110000000000000000e+03 8.589181572215727422e-10
9.130000000000000000e+03 8.566657153409306981e-10
9.150000000000000000e+03 8.495638971589136794e-10
9.170000000000000000e+03 8.370124325090711909e-10
9.190000000000000000e+03 8.117307697963062214e-10
9.210000000000000000e+03 7.395059032414952062e-10
9.230000000000000000e+03 5.697393508937194747e-10
9.250000000000000000e+03 7.080650471232348744e-10
9.270000000000000000e+03 7.721532798296803039e-10
9.290000000000000000e+03 8.001966030278008913e-10
9.310000000000000000e+03 8.014038289011227587e-10
9.330000000000000000e+03 7.979716965316805056e-10
9.350000000000000000e+03 7.936305420520204515e-10
9.370000000000000000e+03 7.884980374277851799e-10
9.390000000000000000e+03 7.807118130815652988e-10
9.410000000000000000e+03 7.686775375325802844e-10
9.430000000000000000e+03 7.699184450280129525e-10
9.450000000000000000e+03 7.636422633617963212e-10
9.470000000000000000e+03 7.554414377815316165e-10
9.490000000000000000e+03 7.434038269015704754e-10
9.510000000000000000e+03 7.181927279103616955e-10
9.530000000000000000e+03 6.436658573953077970e-10
9.550000000000000000e+03 5.145783281723171402e-10
9.570000000000000000e+03 6.506113771215202793e-10
9.590000000000000000e+03 7.027456065804627114e-10
9.610000000000000000e+03 7.120866191099073458e-10
9.630000000000000000e+03 7.083796178634047314e-10
9.650000000000000000e+03 7.111151152711286858e-10
9.670000000000000000e+03 7.034266003692989943e-10
9.690000000000000000e+03 7.023586103966921993e-10
9.710000000000000000e+03 6.997148965232732039e-10
9.730000000000000000e+03 6.945569235696144490e-10
9.750000000000000000e+03 6.894598033851376575e-10
9.770000000000000000e+03 6.850319879123673962e-10
9.790000000000000000e+03 6.801978232878518523e-10
9.810000000000000000e+03 6.752281948315780423e-10
9.830000000000000000e+03 6.701008083521840294e-10
9.850000000000000000e+03 6.651292988589662200e-10
9.870000000000000000e+03 6.604790005230206867e-10
9.890000000000000000e+03 6.536497528187396723e-10
9.910000000000000000e+03 6.502089759578906129e-10
9.930000000000000000e+03 6.447623661736582855e-10
9.950000000000000000e+03 6.396596105529781612e-10
9.970000000000000000e+03 6.333760234323409652e-10
9.990000000000000000e+03 6.239685683458576740e-10
1.002500000000000000e+04 5.576064514555947969e-10
1.007500000000000000e+04 5.293588909905891477e-10
1.012500000000000000e+04 5.960074442668630865e-10
1.017500000000000000e+04 5.931517035662706017e-10
1.022500000000000000e+04 5.851183722532279110e-10
1.027500000000000000e+04 5.754287629303987876e-10
1.032500000000000000e+04 5.656808081471180588e-10
1.037500000000000000e+04 5.563096263545910739e-10
1.042500000000000000e+04 5.471345664155401399e-10
1.047500000000000000e+04 5.370068443021898116e-10
1.052500000000000000e+04 5.285788980577632846e-10
1.057500000000000000e+04 5.202235745413946186e-10
1.062500000000000000e+04 5.119193483443646334e-10
1.067500000000000000e+04 4.992171542957136127e-10
1.072500000000000000e+04 4.935220047607633463e-10
1.077500000000000000e+04 4.865087209124187763e-10
1.082500000000000000e+04 4.770237540022571755e-10
1.087500000000000000e+04 4.624421452412382289e-10
1.092500000000000000e+04 3.858562851379681882e-10
1.097500000000000000e+04 4.213286067757629789e-10
1.102500000000000000e+04 4.453908924114023334e-10
1.107500000000000000e+04 4.418334115553553620e-10
1.112500000000000000e+04 4.360857963817006516e-10
1.117500000000000000e+04 4.294734172057186997e-10
1.122500000000000000e+04 4.228505486039869902e-10
1.127500000000000000e+04 4.135840723342606933e-10
1.132500000000000000e+04 4.074017360162000517e-10
1.137500000000000000e+04 4.032709008880461354e-10
1.142500000000000000e+04 3.969340189691423565e-10
1.147500000000000000e+04 3.913984617872523690e-10
1.152500000000000000e+04 3.855236267975813919e-10
1.157500000000000000e+04 3.796660472391995321e-10
1.162500000000000000e+04 3.730171562788899999e-10
1.167500000000000000e+04 3.663144459977882165e-10
1.172500000000000000e+04 3.628585765150372680e-10
1.177500000000000000e+04 3.547182702772377900e-10
1.182500000000000000e+04 3.510762791637073360e-10
1.187500000000000000e+04 3.456029407133633956e-10
1.192500000000000000e+04 3.419095791336630888e-10
1.197500000000000000e+04 3.360440247902483489e-10
1.202500000000000000e+04 3.318078920049428311e-10
1.207500000000000000e+04 3.267370938712358865e-10
1.212500000000000000e+04 3.221022949352474143e-10
1.217500000000000000e+04 3.176579616472447092e-10
1.222500000000000000e+04 3.130420079683363612e-10
1.227500000000000000e+04 3.083670987059234398e-10
1.232500000000000000e+04 3.040331510798138808e-10
1.237500000000000000e+04 2.998045935318059413e-10
1.242500000000000000e+04 2.956943710404937077e-10
1.247500000000000000e+04 2.911471644142492738e-10
1.252500000000000000e+04 2.873152464648992906e-10
1.257500000000000000e+04 2.827114009749647323e-10
1.262500000000000000e+04 2.789008261212912894e-10
1.267500000000000000e+04 2.746493102265754249e-10
1.272500000000000000e+04 2.693356750829600520e-10
1.277500000000000000e+04 2.563592771542114335e-10
1.282500000000000000e+04 2.201493003313312465e-10
1.287500000000000000e+04 2.521118859285412487e-10
1.292500000000000000e+04 2.551903793182356835e-10
1.297500000000000000e+04 2.528958619114381431e-10
1.302500000000000000e+04 2.500669784633400463e-10
1.307500000000000000e+04 2.467297705655818943e-10
1.312500000000000000e+04 2.433685629347909092e-10
1.317500000000000000e+04 2.397966284889309314e-10
1.322500000000000000e+04 2.368832729885689677e-10
1.327500000000000000e+04 2.337298048367648896e-10
1.332500000000000000e+04 2.306169088094366057e-10
1.337500000000000000e+04 2.275569405368795392e-10
1.342500000000000000e+04 2.245231727763847561e-10
1.347500000000000000e+04 2.215408907058616009e-10
1.352500000000000000e+04 2.184820752566362944e-10
1.357500000000000000e+04 2.156893789891309152e-10
1.362500000000000000e+04 2.129317166667619256e-10
1.367500000000000000e+04 2.100966262423566115e-10
1.372500000000000000e+04 2.070625667087550012e-10
1.377500000000000000e+04 2.047287417685315334e-10
1.382500000000000000e+04 2.021068580945840150e-10
1.387500000000000000e+04 1.995657001129870698e-10
1.392500000000000000e+04 1.968998548769123327e-10
1.397500000000000000e+04 1.944575000259903745e-10
1.402500000000000000e+04 1.919976165640625276e-10
1.407500000000000000e+04 1.895794556972906721e-10
1.412500000000000000e+04 1.871556949597074179e-10
1.417500000000000000e+04 1.848076485571456070e-10
1.422500000000000000e+04 1.824764401433291127e-10
1.427500000000000000e+04 1.801847133971493856e-10
1.432500000000000000e+04 1.779431458404048858e-10
1.437500000000000000e+04 1.757396050321905641e-10
1.442500000000000000e+04 1.726458603873886697e-10
1.447500000000000000e+04 1.713997085285393149e-10
1.452500000000000000e+04 1.688659297751602091e-10
1.457000000000000000e+04 1.673972135596938465e-10
1.462000000000000000e+04 1.654164392943899887e-10
1.467500000000000000e+04 1.634013593666007754e-10
1.472500000000000000e+04 1.614248164418436534e-10
1.477500000000000000e+04 1.593114500810544852e-10
1.482500000000000000e+04 1.575826276092339384e-10
1.487500000000000000e+04 1.555265816264920060e-10
1.492500000000000000e+04 1.540164877021818570e-10
1.497500000000000000e+04 1.521186276933993765e-10
1.502500000000000000e+04 1.501807701121414286e-10
1.507500000000000000e+04 1.484596586627392200e-10
1.512500000000000000e+04 1.467783164935811206e-10
1.517500000000000000e+04 1.449946913787080823e-10
1.522500000000000000e+04 1.433717443009899223e-10
1.527500000000000000e+04 1.413483019631457148e-10
1.532500000000000000e+04 1.395462074856071191e-10
1.537500000000000000e+04 1.382760777091472287e-10
1.542500000000000000e+04 1.355045120647617967e-10
1.547500000000000000e+04 1.349993014314044965e-10
1.552500000000000000e+04 1.333206809061558008e-10
1.557500000000000000e+04 1.294559067589562161e-10
1.562500000000000000e+04 1.317529902346293587e-10
1.567500000000000000e+04 1.273835202683470778e-10
1.572500000000000000e+04 1.239320824811647636e-10
1.577500000000000000e+04 1.278482122414711380e-10
1.582500000000000000e+04 1.260758581829332599e-10
1.587500000000000000e+04 1.156308756450977776e-10
1.592500000000000000e+04 1.213614107002627316e-10
1.597500000000000000e+04 1.233730799961918968e-10
1.605000000000000000e+04 1.191082815006660318e-10
1.615000000000000000e+04 1.119048291855142502e-10
1.625000000000000000e+04 1.173304806195028475e-10
1.635000000000000000e+04 1.110541720172913689e-10
1.645000000000000000e+04 1.039932159432726026e-10
1.655000000000000000e+04 1.103390546795944018e-10
1.665000000000000000e+04 1.081032884643477678e-10
1.675000000000000000e+04 1.014038410466474103e-10
1.685000000000000000e+04 9.483077224843418781e-11
1.695000000000000000e+04 1.010970738811882837e-10
1.705000000000000000e+04 9.934669247646753721e-11
1.715000000000000000e+04 9.719528225013212908e-11
1.725000000000000000e+04 9.425071671007914508e-11
1.735000000000000000e+04 8.314764141413565769e-11
1.745000000000000000e+04 8.905544644776696185e-11
1.755000000000000000e+04 8.904009390365219904e-11
1.765000000000000000e+04 8.739947959707666624e-11
1.775000000000000000e+04 8.566460246790754637e-11
1.785000000000000000e+04 8.386812545379724268e-11
1.795000000000000000e+04 8.211346990020872520e-11
1.805000000000000000e+04 7.975718309655000759e-11
1.815000000000000000e+04 7.115079202636012600e-11
1.825000000000000000e+04 7.459041839479940586e-11
1.835000000000000000e+04 7.540263193197262777e-11
1.845000000000000000e+04 7.413658833414683023e-11
1.855000000000000000e+04 7.246086721642577536e-11
1.865000000000000000e+04 7.036208813530589420e-11
1.875000000000000000e+04 6.280103627390764683e-11
1.885000000000000000e+04 6.731926463722483553e-11
1.895000000000000000e+04 6.690205921249577416e-11
1.905000000000000000e+04 6.583626031761977927e-11
1.915000000000000000e+04 6.455438883154619960e-11
1.925000000000000000e+04 6.316374389106852808e-11
1.935000000000000000e+04 6.115798121084592411e-11
1.945000000000000000e+04 5.450217888070256140e-11
1.955000000000000000e+04 5.883550976366803017e-11
1.965000000000000000e+04 5.850741301274760238e-11
1.975000000000000000e+04 5.750208396230863931e-11
1.985000000000000000e+04 5.644375960893674299e-11
1.995000000000000000e+04 5.539085765742656120e-11
2.005000000000000000e+04 5.436477788752733342e-11
2.015000000000000000e+04 5.335972444413490625e-11
2.025000000000000000e+04 5.237579310602726031e-11
2.035000000000000000e+04 5.141475444657114547e-11
2.045000000000000000e+04 5.048219636835421309e-11
2.055000000000000000e+04 4.956641247524127264e-11
2.065000000000000000e+04 4.866323032680837779e-11
2.075000000000000000e+04 4.779239796819291369e-11
2.085000000000000000e+04 4.694027284747480732e-11
2.095000000000000000e+04 4.610167093173645099e-11
2.105000000000000000e+04 4.527999681056599387e-11
2.115000000000000000e+04 4.445512881858709727e-11
2.125000000000000000e+04 4.366898018410601099e-11
2.135000000000000000e+04 4.291343144093524318e-11
2.145000000000000000e+04 4.209068861421293743e-11
2.155000000000000000e+04 4.092580103282460165e-11
2.165000000000000000e+04 3.677153196283988525e-11
2.175000000000000000e+04 3.919933572548854185e-11
2.185000000000000000e+04 3.922128602251355618e-11
2.195000000000000000e+04 3.868566172510355909e-11
2.205000000000000000e+04 3.802371688672858995e-11
2.215000000000000000e+04 3.736690804150193377e-11
2.225000000000000000e+04 3.675792336858636311e-11
2.235000000000000000e+04 3.614155768756402614e-11
2.245000000000000000e+04 3.553838216858308977e-11
2.255000000000000000e+04 3.494034487867905109e-11
2.265000000000000000e+04 3.436868532728234920e-11
2.275000000000000000e+04 3.380121148498744774e-11
2.285000000000000000e+04 3.326237597692383710e-11
2.295000000000000000e+04 3.272103149879666751e-11
2.305000000000000000e+04 3.219831353100644678e-11
2.315000000000000000e+04 3.168034932212526426e-11
2.325000000000000000e+04 3.117524826320791380e-11
2.335000000000000000e+04 3.067804578598681778e-11
2.345000000000000000e+04 3.019155558381667754e-11
2.355000000000000000e+04 2.971472048497179022e-11
2.365000000000000000e+04 2.924610093431252826e-11
2.375000000000000000e+04 2.878636509212813595e-11
2.385000000000000000e+04 2.833370406286889938e-11
2.395000000000000000e+04 2.789001616325108257e-11
2.405000000000000000e+04 2.744909412921851054e-11
2.415000000000000000e+04 2.701689601365973008e-11
2.425000000000000000e+04 2.660709216486795668e-11
2.435000000000000000e+04 2.618426903586984644e-11
2.445000000000000000e+04 2.576317986843495951e-11
2.455000000000000000e+04 2.539359843234852823e-11
2.465000000000000000e+04 2.496256073266588767e-11
2.475000000000000000e+04 2.458737819060039244e-11
2.485000000000000000e+04 2.428293993050575201e-11
2.495000000000000000e+04 2.368858145487574953e-11
2.505000000000000000e+04 2.357283587496042013e-11
2.515000000000000000e+04 2.322729163987118533e-11
2.525000000000000000e+04 2.249509658058484297e-11
2.535000000000000000e+04 2.250614597728655731e-11
2.545000000000000000e+04 2.227828548429357390e-11
2.555000000000000000e+04 2.182459440116275555e-11
2.565000000000000000e+04 2.095419525326296842e-11
2.575000000000000000e+04 2.123542160870473432e-11
2.585000000000000000e+04 2.102933265746103820e-11
2.595000000000000000e+04 2.070767897047393980e-11
2.605000000000000000e+04 2.009116758941607597e-11
2.615000000000000000e+04 1.908523742131301862e-11
2.625000000000000000e+04 1.802787593583683726e-11
2.635000000000000000e+04 1.917106991742264732e-11
2.645000000000000000e+04 1.926903689362701432e-11
2.655000000000000000e+04 1.902980512138537995e-11
2.665000000000000000e+04 1.856179285480768786e-11
2.675000000000000000e+04 1.728841269028903268e-11
2.685000000000000000e+04 1.803952921433616075e-11
2.695000000000000000e+04 1.802373080647236966e-11
2.705000000000000000e+04 1.781030637627522594e-11
2.715000000000000000e+04 1.757870962624967251e-11
2.725000000000000000e+04 1.733593379780749659e-11
2.735000000000000000e+04 1.706638708819237873e-11
2.745000000000000000e+04 1.669752883599203033e-11
2.755000000000000000e+04 1.546495546358370170e-11
2.765000000000000000e+04 1.580073874327442836e-11
2.775000000000000000e+04 1.609414445527137250e-11
2.785000000000000000e+04 1.595508858763991915e-11
2.795000000000000000e+04 1.576075001358774601e-11
2.805000000000000000e+04 1.554690059865494441e-11
2.815000000000000000e+04 1.533656711260125117e-11
2.825000000000000000e+04 1.512998248332952856e-11
2.835000000000000000e+04 1.492679387120269358e-11
2.845000000000000000e+04 1.470798262346848600e-11
2.855000000000000000e+04 1.444650254540828139e-11
2.865000000000000000e+04 1.390329566133618178e-11
2.875000000000000000e+04 1.299168759857111837e-11
2.885000000000000000e+04 1.376204767484660786e-11
2.895000000000000000e+04 1.372596124698857196e-11
2.905000000000000000e+04 1.359469937912492461e-11
2.915000000000000000e+04 1.341264022139393380e-11
2.925000000000000000e+04 1.324226202460045290e-11
2.935000000000000000e+04 1.307092092554202215e-11
2.945000000000000000e+04 1.290159772229783942e-11
2.955000000000000000e+04 1.273506223909385521e-11
2.965000000000000000e+04 1.257126971480097155e-11
2.975000000000000000e+04 1.240991346263151077e-11
2.985000000000000000e+04 1.225147760746258564e-11
2.995000000000000000e+04 1.209487752706415252e-11
3.005000000000000000e+04 1.194008715529070035e-11
3.015000000000000000e+04 1.175842861027619643e-11
3.025000000000000000e+04 1.152248921292847113e-11
3.035000000000000000e+04 1.071681232472276402e-11
3.045000000000000000e+04 1.080856014388629378e-11
3.055000000000000000e+04 1.112038978390775848e-11
3.065000000000000000e+04 1.104868707639449139e-11
3.075000000000000000e+04 1.093046029756925589e-11
3.085000000000000000e+04 1.079227367440204587e-11
3.095000000000000000e+04 1.066195389200191195e-11
3.105000000000000000e+04 1.053043306976415529e-11
3.115000000000000000e+04 1.040013898438408088e-11
3.125000000000000000e+04 1.027319937773305476e-11
3.135000000000000000e+04 1.014884826389394526e-11
3.145000000000000000e+04 1.002398758647833319e-11
3.155000000000000000e+04 9.904708731433028235e-12
3.165000000000000000e+04 9.785341935384875639e-12
3.175000000000000000e+04 9.666126646726601368e-12
3.185000000000000000e+04 9.551193455639867050e-12
3.195000000000000000e+04 9.436596300838793335e-12
3.210000000000000000e+04 9.268265492625154396e-12
3.230000000000000000e+04 9.049749153318216650e-12
3.250000000000000000e+04 8.837214143935722074e-12
3.270000000000000000e+04 8.607220284208719344e-12
3.290000000000000000e+04 7.973944735423853158e-12
3.310000000000000000e+04 8.073361580088204783e-12
3.330000000000000000e+04 8.016521115927207683e-12
3.350000000000000000e+04 7.843795151092741725e-12
3.370000000000000000e+04 7.665787745432349964e-12
3.390000000000000000e+04 7.496279227239030899e-12
3.410000000000000000e+04 7.330008399725197181e-12
3.430000000000000000e+04 7.168675875224805866e-12
3.450000000000000000e+04 7.011362396057007630e-12
3.470000000000000000e+04 6.857575266402756915e-12
3.490000000000000000e+04 6.708179210492864568e-12
3.510000000000000000e+04 6.562488223412778966e-12
3.530000000000000000e+04 6.420965354921889833e-12
3.550000000000000000e+04 6.282575220198278890e-12
3.570000000000000000e+04 6.147056997678563803e-12
3.590000000000000000e+04 6.019032101896727620e-12
3.610000000000000000e+04 5.887035143051461875e-12
3.630000000000000000e+04 5.768339213665991435e-12
3.650000000000000000e+04 5.638967205475977006e-12
3.670000000000000000e+04 5.531920514518234274e-12
3.690000000000000000e+04 5.396627161312134486e-12
3.710000000000000000e+04 5.294840322923819748e-12
3.730000000000000000e+04 5.053012843069252085e-12
3.750000000000000000e+04 4.892264293422450868e-12
3.770000000000000000e+04 4.979897770023759128e-12
3.790000000000000000e+04 4.891699058913851463e-12
3.810000000000000000e+04 4.761338069155092602e-12
3.830000000000000000e+04 4.671632441277022343e-12
3.850000000000000000e+04 4.609415786188757124e-12
3.870000000000000000e+04 4.518885962026752155e-12
3.890000000000000000e+04 4.415523571542334345e-12
3.910000000000000000e+04 4.265814794029623919e-12
3.930000000000000000e+04 4.253975860438411912e-12
3.950000000000000000e+04 4.179706948043082143e-12
3.970000000000000000e+04 4.100075264579066898e-12
3.990000000000000000e+04 4.016421471910866546e-12
4.010000000000000000e+04 3.884190096998289884e-12
4.030000000000000000e+04 3.785594207134833680e-12
4.050000000000000000e+04 3.624810251477432142e-12
4.070000000000000000e+04 3.703969247475215751e-12
4.090000000000000000e+04 3.654626532009121547e-12
4.110000000000000000e+04 3.595328427090581554e-12
4.130000000000000000e+04 3.523780022600073353e-12
4.150000000000000000e+04 3.439937874031446998e-12
4.170000000000000000e+04 3.260313256414854441e-12
4.190000000000000000e+04 3.310461326071593874e-12
4.210000000000000000e+04 3.272653663334224460e-12
4.230000000000000000e+04 3.215526306543711944e-12
4.250000000000000000e+04 3.157138108149699776e-12
4.270000000000000000e+04 3.100082816986780176e-12
4.290000000000000000e+04 3.044204492517796805e-12
4.310000000000000000e+04 2.989728187870637285e-12
4.330000000000000000e+04 2.936374223137619767e-12
4.350000000000000000e+04 2.872935100057516187e-12
4.370000000000000000e+04 2.719079791596928679e-12
4.390000000000000000e+04 2.734904937615321429e-12
4.410000000000000000e+04 2.730004151805391816e-12
4.430000000000000000e+04 2.686924081439260134e-12
4.450000000000000000e+04 2.640278814266496155e-12
4.470000000000000000e+04 2.598548808142934964e-12
4.490000000000000000e+04 2.549265943255453412e-12
4.510000000000000000e+04 2.505783679439048958e-12
4.530000000000000000e+04 2.462968236953160659e-12
4.550000000000000000e+04 2.421031767214117298e-12
4.570000000000000000e+04 2.379733464264057146e-12
4.590000000000000000e+04 2.338840697706121693e-12
4.610000000000000000e+04 2.297581628028160517e-12
4.630000000000000000e+04 2.248485119641723373e-12
4.650000000000000000e+04 2.110449917441486617e-12
4.670000000000000000e+04 2.074711289582158286e-12
4.690000000000000000e+04 2.126514325679298315e-12
4.710000000000000000e+04 2.112266876118948438e-12
4.730000000000000000e+04 2.080825447826342954e-12
4.750000000000000000e+04 2.047776168491764143e-12
4.770000000000000000e+04 2.015002437051657193e-12
4.790000000000000000e+04 1.982703531556690381e-12
4.810000000000000000e+04 1.950971544147422721e-12
4.830000000000000000e+04 1.919696058824398450e-12
4.850000000000000000e+04 1.889066766814414431e-12
4.870000000000000000e+04 1.859168995330837135e-12
4.890000000000000000e+04 1.829598896482103415e-12
4.910000000000000000e+04 1.800737299375056076e-12
4.930000000000000000e+04 1.772378553185571431e-12
4.950000000000000000e+04 1.744798044714810339e-12
4.970000000000000000e+04 1.717132460967767855e-12
4.990000000000000000e+04 1.690880790558914926e-12
5.010000000000000000e+04 1.664436849506602843e-12
5.030000000000000000e+04 1.638083446530320638e-12
5.050000000000000000e+04 1.613644662534777779e-12
5.070000000000000000e+04 1.588273193033149734e-12
5.090000000000000000e+04 1.560736615636167178e-12
5.110000000000000000e+04 1.525299225939420833e-12
5.130000000000000000e+04 1.441676768875501358e-12
5.150000000000000000e+04 1.483459809562972364e-12
5.170000000000000000e+04 1.468002424120591890e-12
5.190000000000000000e+04 1.449717102228830434e-12
5.210000000000000000e+04 1.429355598271379690e-12
5.230000000000000000e+04 1.408072299904608659e-12
5.250000000000000000e+04 1.385130664001990714e-12
5.270000000000000000e+04 1.362998463092497264e-12
5.290000000000000000e+04 1.346562273906450438e-12
5.310000000000000000e+04 1.327695347173611926e-12
5.330000000000000000e+04 1.308418286577846102e-12
5.350000000000000000e+04 1.288660609060070704e-12
5.370000000000000000e+04 1.265450845930919753e-12
5.390000000000000000e+04 1.247352186621806398e-12
5.410000000000000000e+04 1.233856098954201293e-12
5.430000000000000000e+04 1.218789482476831232e-12
5.450000000000000000e+04 1.201718187109560266e-12
5.470000000000000000e+04 1.184630355573394305e-12
5.490000000000000000e+04 1.165521646657743624e-12
5.510000000000000000e+04 1.144743731566411085e-12
5.530000000000000000e+04 1.122790530283596983e-12
5.550000000000000000e+04 1.115618890567160680e-12
5.570000000000000000e+04 1.103199256942987683e-12
5.590000000000000000e+04 1.088174930109925614e-12
5.610000000000000000e+04 1.073114757296752008e-12
5.630000000000000000e+04 1.058314105430889153e-12
5.650000000000000000e+04 1.043695756402086586e-12
5.670000000000000000e+04 1.028461276923180960e-12
5.690000000000000000e+04 1.010469895427775297e-12
5.710000000000000000e+04 9.839318993103092000e-13
5.730000000000000000e+04 9.818915706540302908e-13
5.750000000000000000e+04 9.733144909209516189e-13
5.770000000000000000e+04 9.612003514981127284e-13
5.790000000000000000e+04 9.482589262065061594e-13
5.810000000000000000e+04 9.355415006309870711e-13
5.830000000000000000e+04 9.222917738802578790e-13
5.850000000000000000e+04 9.092690128655076639e-13
5.870000000000000000e+04 8.959295886166835926e-13
5.890000000000000000e+04 8.756446320758602139e-13
5.910000000000000000e+04 8.297138460841278957e-13
5.930000000000000000e+04 8.539517182225030197e-13
5.950000000000000000e+04 8.322584932117741830e-13
5.970000000000000000e+04 8.298887120772262672e-13
5.990000000000000000e+04 8.277264104030624091e-13
6.010000000000000000e+04 8.183636432949061102e-13
6.030000000000000000e+04 8.081473354624917066e-13
6.050000000000000000e+04 7.979209419120460141e-13
6.070000000000000000e+04 7.877484429837265792e-13
6.090000000000000000e+04 7.776921421546683067e-13
6.110000000000000000e+04 7.678127071277561478e-13
6.130000000000000000e+04 7.580454372255735197e-13
6.150000000000000000e+04 7.484502587655845336e-13
6.170000000000000000e+04 7.389633594414597356e-13
6.190000000000000000e+04 7.296439369372862151e-13
6.210000000000000000e+04 7.203687464289953337e-13
6.230000000000000000e+04 7.111375135710028165e-13
6.250000000000000000e+04 7.014737040624267194e-13
6.270000000000000000e+04 6.887242395814906970e-13
6.290000000000000000e+04 6.610753394225508913e-13
6.310000000000000000e+04 6.696822242346629543e-13
6.330000000000000000e+04 6.670241208000899776e-13
6.350000000000000000e+04 6.598300456146574076e-13
6.370000000000000000e+04 6.520252972879151027e-13
6.390000000000000000e+04 6.441343224928587555e-13
6.420000000000000000e+04 6.336711334384855515e-13
6.460000000000000000e+04 6.183809504579573376e-13
6.500000000000000000e+04 6.035831130720691233e-13
6.540000000000000000e+04 5.892086705660477814e-13
6.580000000000000000e+04 5.752455079913072056e-13
6.620000000000000000e+04 5.616288448026445212e-13
6.660000000000000000e+04 5.483492541168489818e-13
6.700000000000000000e+04 5.348277622637669054e-13
6.740000000000000000e+04 5.196424086056827237e-13
6.780000000000000000e+04 4.970117105413001238e-13
6.820000000000000000e+04 4.978384033516840549e-13
6.860000000000000000e+04 4.879085756612906851e-13
6.900000000000000000e+04 4.772370582586174896e-13
6.940000000000000000e+04 4.657017275432159788e-13
6.980000000000000000e+04 4.560263567457581021e-13
7.020000000000000000e+04 4.459460566693664125e-13
7.060000000000000000e+04 4.358496639583888526e-13
7.100000000000000000e+04 4.255366615355023209e-13
7.140000000000000000e+04 4.171601727846660897e-13
7.180000000000000000e+04 4.080953565819241872e-13
7.220000000000000000e+04 3.992052581091079252e-13
7.260000000000000000e+04 3.895195253774682707e-13
7.300000000000000000e+04 3.818412547951969407e-13
7.340000000000000000e+04 3.741902226931848424e-13
7.380000000000000000e+04 3.657684551030159670e-13
7.420000000000000000e+04 3.566021483639924448e-13
7.460000000000000000e+04 3.392660784697765788e-13
7.500000000000000000e+04 3.280623381523389496e-13
7.540000000000000000e+04 3.332421404983371867e-13
7.580000000000000000e+04 3.286415523628056116e-13
7.620000000000000000e+04 3.222085469883218421e-13
7.660000000000000000e+04 3.159669413566648460e-13
7.700000000000000000e+04 3.096843369761057133e-13
7.740000000000000000e+04 3.028079040303584705e-13
7.780000000000000000e+04 2.951648109314627294e-13
7.820000000000000000e+04 2.907991524920173015e-13
7.860000000000000000e+04 2.858180025651692165e-13
7.900000000000000000e+04 2.801661606429512650e-13
7.940000000000000000e+04 2.746466135557605540e-13
7.980000000000000000e+04 2.692635481614378454e-13
8.020000000000000000e+04 2.640100987257140897e-13
8.060000000000000000e+04 2.588867904665617283e-13
8.100000000000000000e+04 2.534723036667438739e-13
8.140000000000000000e+04 2.465265007970304848e-13
8.180000000000000000e+04 2.427902876674894659e-13
8.220000000000000000e+04 2.393971652737466178e-13
8.260000000000000000e+04 2.350493249811611001e-13
8.300000000000000000e+04 2.306153200465205945e-13
8.340000000000000000e+04 2.262720790102593718e-13
8.380000000000000000e+04 2.220407954289636988e-13
8.420000000000000000e+04 2.179123135448280678e-13
8.460000000000000000e+04 2.138907898159592880e-13
8.500000000000000000e+04 2.099480104787421354e-13
8.540000000000000000e+04 2.060982401040457946e-13
8.580000000000000000e+04 2.023172847084040344e-13
8.620000000000000000e+04 1.980090894713586410e-13
8.660000000000000000e+04 1.915638746694643110e-13
8.700000000000000000e+04 1.904516201633713491e-13
8.740000000000000000e+04 1.843011011503946324e-13
8.780000000000000000e+04 1.810418982197726881e-13
8.820000000000000000e+04 1.811373478762383984e-13
8.860000000000000000e+04 1.782375681189355257e-13
8.900000000000000000e+04 1.751094492248867402e-13
8.940000000000000000e+04 1.720387819445820006e-13
8.980000000000000000e+04 1.690301742058542445e-13
9.020000000000000000e+04 1.660909155319200683e-13
9.060000000000000000e+04 1.632138586211369022e-13
9.100000000000000000e+04 1.603977073353695026e-13
9.140000000000000000e+04 1.576439802249881164e-13
9.180000000000000000e+04 1.549486101478318990e-13
9.220000000000000000e+04 1.522994498942846394e-13
9.260000000000000000e+04 1.493864353804518621e-13
9.300000000000000000e+04 1.469829475447896904e-13
9.340000000000000000e+04 1.442338606081773703e-13
9.380000000000000000e+04 1.391078048558555843e-13
9.420000000000000000e+04 1.386181689149325613e-13
9.460000000000000000e+04 1.372716982702362958e-13
9.500000000000000000e+04 1.350359345253415140e-13
9.540000000000000000e+04 1.328404282270842175e-13
9.580000000000000000e+04 1.309175229589759860e-13
9.620000000000000000e+04 1.287807066795611538e-13
9.660000000000000000e+04 1.266846883766983847e-13
9.700000000000000000e+04 1.246336218470672716e-13
9.740000000000000000e+04 1.226217112143801456e-13
9.780000000000000000e+04 1.206506347193800514e-13
9.820000000000000000e+04 1.185146166940581955e-13
9.860000000000000000e+04 1.164833707682975719e-13
9.900000000000000000e+04 1.149674233825764653e-13
9.940000000000000000e+04 1.131496051435995103e-13
9.980000000000000000e+04 1.113665174648980077e-13
1.002000000000000000e+05 1.096198201733912847e-13
2.000000000000000000e+05 7.027066819154971997e-15
4.000000000000000000e+05 4.383995542032171224e-16
6.000000000000000000e+05 8.604980290850904272e-17
8.000000000000000000e+05 2.705496303986932680e-17
1.000000000000000000e+06 1.101866402002815881e-17
1.200000000000000000e+06 5.286627032529374267e-18
1.400000000000000000e+06 2.840426966576841509e-18
1.600000000000000000e+06 1.658096646319854369e-18
