42016.8  0
42034.5  0
42052.1  0
42069.8  0
42087.5  0
42105.3  0
42123    0
42140.8  0
42158.5  0
42176.3  0
42194.1  0
42211.9  0
42229.7  0
42247.6  0
42265.4  0
42283.3  0
42301.2  0
42319.1  0
42337    0
42354.9  0
42372.9  0
42390.8  0
42408.8  0
42426.8  0
42444.8  0
42462.8  0
42480.9  0
42498.9  0
42517    0
42535.1  0
42553.2  0
42571.3  0
42589.4  0
42607.6  0
42625.7  0
42643.9  0
42662.1  0.000119
42680.3  0.000334
42698.5  0.000381
42716.8  0.000262
42735    2.4e-05
42753.3  0
42771.6  0
42789.9  0
42808.2  0
42826.6  0
42844.9  0
42863.3  0
42881.6  0
42900    0
42918.5  0
42936.9  0
42955.3  0
42973.8  0
42992.3  0
43010.8  0
43029.3  0
43047.8  0
43066.3  0
43084.9  0
43103.4  2.4e-05
43122    0.000167
43140.6  0.000358
43159.3  0.000477
43177.9  0.000525
43196.5  0.000453
43215.2  0.000358
43233.9  0.00031
43252.6  0.000334
43271.3  0.000405
43290    0.000477
43308.8  0.000548
43327.6  0.00062
43346.3  0.000715
43365.1  0.000834
43383.9  0.00093
43402.8  0.000978
43421.6  0.000978
43440.5  0.00093
43459.4  0.000882
43478.3  0.000858
43497.2  0.000906
43516.1  0.001025
43535    0.001216
43554    0.001502
43573    0.001812
43592    0.002074
43611    0.002313
43630    0.002503
43649.1  0.002694
43668.1  0.002933
43687.2  0.003195
43706.3  0.003529
43725.4  0.00391
43744.5  0.004339
43763.7  0.00484
43782.8  0.005412
43802    0.006056
43821.2  0.006819
43840.4  0.007677
43859.6  0.008631
43878.9  0.00968
43898.2  0.010896
43917.4  0.012302
43936.7  0.0139
43956    0.015759
43975.4  0.017834
43994.7  0.020266
44014.1  0.023031
44033.5  0.026274
44052.9  0.030041
44072.3  0.034404
44091.7  0.039411
44111.2  0.045252
44130.6  0.052023
44150.1  0.059891
44169.6  0.068974
44189.1  0.079417
44208.7  0.091529
44228.2  0.10555
44247.8  0.12178
44267.4  0.14031
44287    0.16136
44306.6  0.18511
44326.2  0.21203
44345.9  0.24185
44365.6  0.27461
44385.3  0.30978
44405    0.34719
44424.7  0.38655
44444.4  0.42763
44464.2  0.46933
44484    0.51048
44503.8  0.55048
44523.6  0.58863
44543.4  0.62468
44563.3  0.65796
44583.1  0.6875
44603    0.71263
44622.9  0.73416
44642.9  0.75245
44662.8  0.76785
44682.8  0.78025
44702.7  0.7894
44722.7  0.79577
44742.7  0.8008
44762.8  0.80509
44782.8  0.80841
44802.9  0.81069
44822.9  0.81174
44843    0.81227
44863.2  0.81325
44883.3  0.81453
44903.5  0.81542
44923.6  0.81584
44943.8  0.81606
44964    0.81666
44984.3  0.81811
45004.5  0.81964
45024.8  0.82042
45045    0.82088
45065.3  0.82147
45085.7  0.82262
45106    0.82428
45126.4  0.82555
45146.7  0.82591
45167.1  0.82619
45187.5  0.82698
45208    0.82817
45228.4  0.82939
45248.9  0.82984
45269.4  0.82955
45289.9  0.8296
45310.4  0.83015
45330.9  0.83067
45351.5  0.83077
45372.1  0.83013
45392.6  0.82927
45413.3  0.82917
45433.9  0.82951
45454.5  0.82936
45475.2  0.82862
45495.9  0.82743
45516.6  0.8265
45537.3  0.82638
45558.1  0.82629
45578.9  0.82543
45599.6  0.82417
45620.4  0.82304
45641.3  0.82242
45662.1  0.82238
45683    0.82195
45703.8  0.82068
45724.7  0.81949
45745.7  0.81885
45766.6  0.81868
45787.5  0.81859
45808.5  0.81775
45829.5  0.81632
45850.5  0.81542
45871.6  0.81527
45892.6  0.81534
45913.7  0.81513
45934.8  0.81427
45955.9  0.81325
45977    0.81308
45998.2  0.81339
46019.3  0.81332
46040.5  0.81277
46061.7  0.81186
46082.9  0.81131
46104.2  0.8117
46125.5  0.81215
46146.7  0.81186
46168.1  0.81112
46189.4  0.81053
46210.7  0.81046
46232.1  0.811
46253.5  0.81115
46274.9  0.81041
46296.3  0.80972
46317.7  0.8096
46339.2  0.81
46360.7  0.81048
46382.2  0.81022
46403.7  0.80931
46425.3  0.80895
46446.8  0.80934
46468.4  0.80991
46490    0.81012
46511.6  0.80957
46533.3  0.80884
46554.9  0.80895
46576.6  0.8096
46598.3  0.80986
46620    0.80962
46641.8  0.80903
46663.6  0.80879
46685.3  0.80953
46707.1  0.81036
46729    0.81036
46750.8  0.80991
46772.7  0.8096
46794.6  0.80991
46816.5  0.81089
46838.4  0.81143
46860.4  0.81105
46882.3  0.81069
46904.3  0.81091
46926.3  0.81165
46948.4  0.81253
46970.4  0.81263
46992.5  0.81208
47014.6  0.81217
47036.7  0.81313
47058.8  0.81429
47081    0.81511
47103.2  0.81511
47125.4  0.81494
47147.6  0.81575
47169.8  0.81716
47192.1  0.81818
47214.4  0.81859
47236.7  0.81854
47259    0.81885
47281.3  0.82028
47303.7  0.82185
47326.1  0.82254
47348.5  0.82271
47370.9  0.823
47393.4  0.82395
47415.8  0.82572
47438.3  0.827
47460.8  0.82724
47483.4  0.82741
47505.9  0.82822
47528.5  0.8297
47551.1  0.83139
47573.7  0.8322
47596.4  0.83218
47619    0.83272
47641.7  0.83411
47664.4  0.8357
47687.2  0.83692
47709.9  0.83723
47732.7  0.83725
47755.5  0.83833
47778.3  0.84004
47801.1  0.84131
47824    0.84188
47846.9  0.84188
47869.8  0.84224
47892.7  0.84379
47915.7  0.84541
47938.6  0.846
47961.6  0.846
47984.6  0.84608
48007.7  0.84689
48030.7  0.84856
48053.8  0.84963
48076.9  0.84946
48100    0.84918
48123.2  0.84951
48146.4  0.85056
48169.6  0.85182
48192.8  0.85208
48216    0.85142
48239.3  0.85135
48262.5  0.8522
48285.9  0.85325
48309.2  0.85385
48332.5  0.85328
48355.9  0.85235
48379.3  0.85258
48402.7  0.85359
48426.2  0.85418
48449.6  0.85409
48473.1  0.85337
48496.6  0.85299
48520.1  0.8539
48543.7  0.85487
48567.3  0.85473
48590.9  0.85399
48614.5  0.85337
48638.1  0.85359
48661.8  0.85478
48685.5  0.85537
48709.2  0.85464
48732.9  0.85382
48756.7  0.85382
48780.5  0.85471
48804.3  0.85588
48828.1  0.85592
48852    0.85492
48875.9  0.85454
48899.8  0.85521
48923.7  0.85623
48947.6  0.85685
48971.6  0.85635
48995.6  0.85559
49019.6  0.85618
49043.6  0.85766
49067.7  0.85866
49091.8  0.85883
49115.9  0.85824
49140    0.85807
49164.2  0.85943
49188.4  0.86098
49212.6  0.86131
49236.8  0.86086
49261.1  0.8604
49285.4  0.86083
49309.7  0.86238
49334    0.86329
49358.3  0.86267
49382.7  0.86186
49407.1  0.86176
49431.5  0.8626
49456    0.8637
49480.5  0.86334
49505    0.86164
49529.5  0.86057
49554    0.86067
49578.6  0.86126
49603.2  0.86141
49627.8  0.8601
49652.4  0.85819
49677.1  0.8575
49701.8  0.85759
49726.5  0.85707
49751.2  0.85557
49776    0.85306
49800.8  0.85094
49825.6  0.85042
49850.4  0.85008
49875.3  0.84841
49900.2  0.84589
49925.1  0.84331
49950    0.84171
49975    0.84133
50000    0.84035
50025    0.83783
50050.1  0.83518
50075.1  0.83337
50100.2  0.83256
50125.3  0.83203
50150.5  0.82991
50175.6  0.82638
50200.8  0.82369
50226    0.82235
50251.3  0.82138
50276.5  0.81966
50301.8  0.81584
50327.1  0.81096
50352.5  0.80683
50377.8  0.80285
50403.2  0.79703
50428.6  0.78888
50454.1  0.77789
50479.6  0.76563
50505.1  0.75297
50530.6  0.73843
50556.1  0.71993
50581.7  0.69807
50607.3  0.67334
50632.9  0.64702
50658.6  0.61932
50684.2  0.58918
50709.9  0.55602
50735.7  0.52159
50761.4  0.48678
50787.2  0.45159
50813    0.41587
50838.8  0.37954
50864.7  0.34368
50890.6  0.31071
50916.5  0.28112
50942.4  0.25387
50968.4  0.22812
50994.4  0.20356
51020.4  0.1806
51046.5  0.1605
51072.5  0.14281
51098.6  0.12696
51124.7  0.11239
51150.9  0.099254
51177.1  0.087547
51203.3  0.077701
51229.5  0.069046
51255.8  0.061226
51282.1  0.054073
51308.4  0.047851
51334.7  0.04251
51361.1  0.038075
51387.5  0.03407
51413.9  0.030255
51440.3  0.026751
51466.8  0.023699
51493.3  0.021124
51519.8  0.018978
51546.4  0.016999
51573    0.015163
51599.6  0.013614
51626.2  0.01235
51652.9  0.011206
51679.6  0.010109
51706.3  0.009012
51733.1  0.008011
51759.8  0.007248
51786.6  0.006676
51813.5  0.006104
51840.3  0.005531
51867.2  0.004935
51894.1  0.004458
51921.1  0.00422
51948.1  0.004029
51975.1  0.003743
52002.1  0.003362