alpha Eri	10144	01 37 42.8	-57 14 12.4
28 Tau	23862	03 49 11.2	+24 08 12.1
228 Eri	28497	04 29 06.9	-13 02 54.1
lambda Eri	33328	05 09 08,8	-08 45 14.7
delta Ori C	36485	05 32 00.4	-00 17 04.5
theta 1 Ori C	37022	05 35 16.5	-05 23 22.9
zeta Tau	37202	05 37 38.0	+21 08 33.2
sigma Ori E	37468	05 38 47.2	-02 35 40.5
V725 Tau	245770	05 38 54.6	+26 18 56.8
Omega Ori	37490	05 39 11.1	+04 07 17.3
alpha Col	37795	05 39 38.9	-34 04 26.6
HD37776	37776	05 40 56.4	-01 30 25.9
HR 2142	4133	06 04 13.5	-06 42 32.2
kappa CMa	50013	06 49 50.5	-32 30 30,5
28 CMa	56139	07 14 48.7	-26 46 21.6
HD57682	57682	07 22 02.0	-08 58 45.9
beta CMi	58715	07 27 09.0	+08 17 21.5
omi Pup	63462	07 48 05.171	-25 56 13.82
HD64740	64740	07 53 03.6	-49 36 47.1
HR 3147	66194	07 58 50.6	-60 49 28.1
r Pup	68980	08 13 29	-35 53 59
f Car	75311	08 46 42.5	-56 46 11.2
HR 3642	78764	09 05 38.4	-70 32 18.6
HR 4009	88661	10 11 46.5	-58 03 38.0
omega Car	89080	10 13 44.3	-70 02 16.5
HR 4074	89890	10 20 54.9	-56 02 35.9
HR 4123	91120	10 30 59.8	-13 35 18.5
HR 4221	93563	10 46 57.5	-56 45 25.9
GG Car	94878	10 55 58.9	-60 23 33.5
AG Car	94910	10 56 11.6	-60 27 12.8
HD96446	96446	11 06 05.8	-59 56 59.6
39 Cru	110335	12 41 56.6	-59 41 08.9
BZ Crucis	110432	12 42 50.3	-63 03 31.0
lambda Crucis	112078	12 54 39.2	-59 08 48.1
GX 304-1	0	13 01 17.1	-61 36 06.6
PSR B1259-63	0	13 02 47.7	-63 50 08.7
mu Cen	67472	13 49 37.0	-42 28 25.4
HR 5223	120991	13 53 57	-47 07 41
sigma Lupi	127381	14 32 37.0	-50 27 25.6
eta Cen	127973	14 35 30.4	-42 09 28.2
kappa Lupi	134481	15 11 56.1	-48 44 16.1
mu Lupi	135734	15 18 32.0	-47 52 31.0
HR 5781	138769	15 35 53.2	-44 57 30.2
HR 5907	142184	15 53 55.9	-23 58 41.1
48 Lib	142983	15 58 11.4	-14 16 45.7
delta Sco	143275	16 00 20.0	-22 37 18.2
chi Oph	148184	16 27 01.4	-18 27 22.3
HD148937	148937	16 33 52.4	-48 06 40.4
tau Sco	149438	16 35 53.0	-28 12 57.5
zeta Oph	149757	16 37 09.5	-10 34 01.5
gamma Ara	157246	17 25 23.7	-56 22 39.81
iota Ara	157042	17 23 16.1	-47 28 05.5
51 Oph	158643	17 31 25.0	-23 57 45.5
alpha Ara	158427	17 31 50.5	-49 52 34.1
66 Oph	164284	18 00 15.8	+04 22 07.0
lambda Pav	173948	18 52 13.0	-62 11 15.3
ups Sgr	181615	19 21 43.6	-15 57 18.1
HR7355	182180	19 24 30.2	-27 51 57.4
HD184279	184279	19 33 36.9	+03 45 40.8
HD191612	191612	20 09 28.6	+35 44 01.3
eps Cap	205637	21 37 04.8	-19 27 57.6
eta PsA	209014	22 00 50.2	-28 27 13.4
omicron Aqr	209409	22 03 18.8	-02 09 19.2
HR8408	209522	22 04 36.8	-26 49 20.5
pi Aqr	212571	22 25 16.6	+01 22 38.6
eps PsA	214748	22 40 39.3	-27 02 37.0
bet Psc	217891	23 03 52.6	+03 49 12.2
eps Tuc	224686	23 59 55.0	-65 34 37.7
eta aql	187929	19 52 28.4	+01 00 20.4
omicron sco	147084	16 20 38.2	-24 10 10
chi02 Ori	41117	06 03 55.18	+20 08 18.43
nu sco	145502	16 11 59.73	-19 27 38.6
HD23512	23512	03 46 34.20	+23 37 26.5
HR3708	80558	09 18 42.36	-51 33 38.3
