"Filtro B Polarímetro 1BG12+1BG39+3GG385","[ ]",100101,280.00,1100.00,10.00
1.218333E-002
1.688651E-002
1.703497E-002
1.617434E-002
1.553856E-002
1.566722E-002
1.605451E-002
5.614842E-003
2.126722E-002
1.123247E-001
2.424736E-001
3.550573E-001
4.299620E-001
4.797051E-001
5.115824E-001
5.268191E-001
5.280652E-001
5.141391E-001
4.823786E-001
4.119488E-001
3.041664E-001
1.990567E-001
1.248906E-001
6.811771E-002
3.204260E-002
1.355121E-002
8.590226E-003
1.021065E-002
1.319025E-002
9.277118E-003
3.982497E-003
2.306351E-003
2.134967E-003
5.025940E-004
4.391700E-004
3.806538E-004
3.473331E-004
3.348661E-004
3.298318E-004
3.308395E-004
3.364228E-004
3.419560E-004
3.528594E-004
3.862142E-004
4.553655E-004
5.644207E-004
7.005680E-004
8.530911E-004
1.000705E-003
1.134454E-003
1.250318E-003
1.349552E-003
1.434274E-003
1.508257E-003
1.577608E-003
1.643487E-003
1.705823E-003
1.760620E-003
1.804161E-003
1.839214E-003
1.868481E-003
1.895963E-003
1.922912E-003
1.950445E-003
1.979507E-003
2.011942E-003
2.048995E-003
2.085512E-003
2.117987E-003
2.149242E-003
2.180420E-003
2.206735E-003
2.221340E-003
2.220170E-003
2.216901E-003
2.219194E-003
2.221493E-003
2.230047E-003
2.247582E-003
2.260954E-003
2.270304E-003
2.277756E-003
2.285961E-003
