"Filtro U Polarímetro 3RG9+2WG305","[ ]",100101,280.00,1100.00,10.00
1.729000E-002
1.616173E-002
1.730080E-002
1.624758E-002
1.618255E-002
1.683376E-002
1.677542E-002
3.128989E-003
2.950558E-003
2.948426E-003
2.765193E-003
2.657370E-003
2.613358E-003
2.567267E-003
2.563678E-003
2.518160E-003
2.501870E-003
2.478023E-003
2.471605E-003
2.446511E-003
2.433840E-003
2.427447E-003
2.402009E-003
2.416568E-003
2.458166E-003
2.455705E-003
2.423639E-003
2.376674E-003
2.307070E-003
2.219827E-003
2.150973E-003
2.092667E-003
2.019446E-003
1.868015E-003
1.736411E-003
1.693133E-003
1.753143E-003
1.840386E-003
1.931030E-003
1.985694E-003
2.027705E-003
2.104612E-003
5.903267E-003
6.436074E-002
2.535973E-001
4.826905E-001
6.531969E-001
7.657228E-001
8.427027E-001
8.912393E-001
9.076922E-001
8.941606E-001
8.627350E-001
8.341267E-001
8.216367E-001
8.274446E-001
8.458034E-001
8.652781E-001
8.725555E-001
8.618601E-001
8.358047E-001
8.005818E-001
7.661677E-001
7.403816E-001
7.259371E-001
7.213311E-001
7.228394E-001
7.229868E-001
7.160447E-001
6.985079E-001
6.693095E-001
6.279393E-001
5.803465E-001
5.302220E-001
4.812582E-001
4.342094E-001
3.894088E-001
3.479347E-001
3.095595E-001
2.689242E-001
2.294865E-001
1.921962E-001
1.572367E-001
