"Filtro R Polarímetro 3KG3+2OG570","[ ]",100101,280.00,1100.00,10.00
1.868947E-002
1.687395E-002
1.702475E-002
1.623969E-002
1.604138E-002
1.605538E-002
1.615364E-002
1.944834E-002
2.476876E-002
2.394802E-002
1.921383E-002
1.494839E-002
1.189752E-002
9.491019E-003
7.634622E-003
6.253578E-003
5.260071E-003
4.530973E-003
3.996195E-003
3.594284E-003
3.299761E-003
3.121930E-003
3.027510E-003
3.007552E-003
3.039452E-003
3.122447E-003
3.627192E-003
1.974951E-002
2.020801E-001
5.022642E-001
6.336624E-001
6.583997E-001
6.502164E-001
6.568076E-001
6.289714E-001
5.949518E-001
5.572235E-001
5.165895E-001
4.757361E-001
4.345060E-001
3.907309E-001
3.438394E-001
2.967075E-001
2.543061E-001
2.159845E-001
1.815148E-001
1.495976E-001
1.212668E-001
9.719694E-002
7.684920E-002
6.013912E-002
4.621846E-002
3.498996E-002
2.641404E-002
1.989003E-002
1.500701E-002
1.127127E-002
8.506018E-003
6.544055E-003
5.158525E-003
4.179570E-003
3.478747E-003
2.985642E-003
2.658202E-003
2.443107E-003
2.301737E-003
2.214662E-003
2.162391E-003
2.135090E-003
2.123043E-003
2.121162E-003
2.118789E-003
2.108483E-003
2.102068E-003
2.096456E-003
2.095477E-003
2.119370E-003
2.127675E-003
2.140881E-003
2.160137E-003
2.171725E-003
2.179676E-003
2.186866E-003
