"Filtro V Polarímetro 3BG39+2GG495","[ ]",100101,280.00,1100.00,10.00
1.687626E-002
1.699270E-002
1.657947E-002
1.581437E-002
1.571235E-002
1.576527E-002
1.638094E-002
4.114491E-002
2.772681E-002
1.836010E-002
1.184622E-002
7.912471E-003
5.747613E-003
4.442713E-003
3.671728E-003
3.266051E-003
3.082970E-003
3.011947E-003
3.028225E-003
3.416526E-003
1.306758E-002
2.125639E-001
5.483656E-001
6.677298E-001
6.966643E-001
6.950354E-001
6.730424E-001
6.332422E-001
5.739888E-001
5.002735E-001
4.103216E-001
3.108866E-001
2.208674E-001
1.451748E-001
8.595439E-002
4.465345E-002
2.034556E-002
8.288775E-003
3.175021E-003
1.298569E-003
6.896599E-004
5.186174E-004
4.938744E-004
5.250798E-004
5.993664E-004
7.126704E-004
8.609473E-004
1.046856E-003
1.228888E-003
1.380312E-003
1.484345E-003
1.561251E-003
1.627918E-003
1.692113E-003
1.758471E-003
1.825686E-003
1.891353E-003
1.951106E-003
1.999877E-003
2.039913E-003
2.074534E-003
2.107202E-003
2.138938E-003
2.170224E-003
2.202997E-003
2.239085E-003
2.281015E-003
2.320434E-003
2.358380E-003
2.393483E-003
2.403635E-003
2.434525E-003
2.462008E-003
2.485707E-003
2.507052E-003
2.527203E-003
2.548343E-003
2.569653E-003
2.617073E-003
2.636853E-003
2.652143E-003
2.666258E-003
2.679729E-003
