   1.0500   0.0000
   1.0506   0.0343
   1.0513   0.0644
   1.0519   0.0794
   1.0526   0.0944
   1.0532   0.1094
   1.0538   0.1244
   1.0545   0.1647
   1.0551   0.1647
   1.0558   0.1647
   1.0564   0.1647
   1.0570   0.1647
   1.0577   0.1647
   1.0583   0.1647
   1.0590   0.1647
   1.0596   0.1647
   1.0602   0.1647
   1.0609   0.1647
   1.0615   0.3149
   1.0622   0.3149
   1.0628   0.3149
   1.0634   0.3149
   1.0641   0.3149
   1.0647   0.3149
   1.0654   0.3149
   1.0660   0.3149
   1.0666   0.3149
   1.0673   0.4650
   1.0679   0.4650
   1.0686   0.4650
   1.0692   0.4650
   1.0698   0.4650
   1.0705   0.4650
   1.0711   0.4650
   1.0718   0.4650
   1.0724   0.4650
   1.0730   0.6152
   1.0737   0.6152
   1.0743   0.6152
   1.0750   0.6152
   1.0756   0.6152
   1.0762   0.6152
   1.0769   0.6152
   1.0775   0.6152
   1.0782   0.6152
   1.0788   0.7653
   1.0794   0.7653
   1.0801   0.7653
   1.0807   0.7653
   1.0814   0.7653
   1.0820   0.7653
   1.0826   0.7653
   1.0833   0.7653
   1.0839   0.7653
   1.0846   0.9155
   1.0852   0.9155
   1.0858   1.0657
   1.0865   1.0657
   1.0871   1.2158
   1.0878   1.2158
   1.0884   1.2158
   1.0890   1.3660
   1.0897   1.3660
   1.0903   1.5162
   1.0910   1.5162
   1.0916   1.6663
   1.0923   1.8165
   1.0929   2.1168
   1.0935   2.2670
   1.0942   2.5673
   1.0948   2.7175
   1.0955   3.0178
   1.0961   3.1680
   1.0967   3.3182
   1.0974   3.6185
   1.0980   3.9188
   1.0987   4.0690
   1.0993   4.3693
   1.0999   4.6696
   1.1006   4.9700
   1.1012   5.1201
   1.1019   5.5706
   1.1025   6.1713
   1.1031   6.6218
   1.1038   7.2224
   1.1044   7.6729
   1.1051   8.2736
   1.1057   8.5739
   1.1063   9.1746
   1.1070   9.6251
   1.1076  10.2257
   1.1083  10.3759
   1.1089  11.8776
   1.1095  12.7785
   1.1102  13.6795
   1.1108  14.4304
   1.1115  15.3314
   1.1121  16.0822
   1.1127  16.9832
   1.1134  17.8842
   1.1140  18.7851
   1.1147  19.5360
   1.1153  20.4370
   1.1159  21.6383
   1.1166  22.8396
   1.1172  24.0409
   1.1179  25.3924
   1.1185  26.2934
   1.1191  25.5426
   1.1198  28.3957
   1.1204  29.4469
   1.1211  30.4980
   1.1217  31.3990
   1.1223  32.4502
   1.1230  33.5013
   1.1236  34.4023
   1.1243  35.4535
   1.1249  36.2043
   1.1255  35.6036
   1.1262  37.6561
   1.1268  38.4069
   1.1275  39.3079
   1.1281  40.0587
   1.1287  40.9597
   1.1294  42.0109
   1.1300  43.0620
   1.1307  43.9630
   1.1313  45.0142
   1.1319  45.6149
   1.1326  46.2155
   1.1332  46.8162
   1.1339  47.4168
   1.1345  48.1677
   1.1351  48.7683
   1.1358  49.3690
   1.1364  49.9696
   1.1371  50.5703
   1.1377  50.5703
   1.1383  51.3211
   1.1390  51.7716
   1.1396  52.2221
   1.1403  52.6726
   1.1409  52.9729
   1.1415  53.2733
   1.1422  53.7238
   1.1428  53.8739
   1.1435  54.1743
   1.1441  54.7749
   1.1447  55.0752
   1.1454  55.2254
   1.1460  55.5257
   1.1467  55.8261
   1.1473  55.8261
   1.1479  56.2766
   1.1486  56.5769
   1.1492  56.7271
   1.1499  57.0274
   1.1505  57.1776
   1.1511  57.3277
   1.1518  57.6281
   1.1524  57.7782
   1.1531  57.9284
   1.1537  58.2287
   1.1543  58.3789
   1.1550  58.5290
   1.1556  58.8294
   1.1563  58.9795
   1.1569  59.1297
   1.1575  59.4300
   1.1582  59.5802
   1.1588  59.7304
   1.1595  60.0307
   1.1601  60.1809
   1.1607  60.3310
   1.1614  60.4812
   1.1620  60.6314
   1.1627  60.6314
   1.1633  60.9317
   1.1639  61.0818
   1.1646  61.2320
   1.1652  61.3822
   1.1659  61.5323
   1.1665  61.5323
   1.1671  61.6825
   1.1678  61.8327
   1.1684  61.8327
   1.1691  62.1330
   1.1697  62.1330
   1.1703  62.2832
   1.1710  62.4333
   1.1716  62.5835
   1.1723  62.5835
   1.1729  62.7337
   1.1735  62.8838
   1.1742  62.8838
   1.1748  63.0340
   1.1755  63.0340
   1.1761  63.0340
   1.1768  63.0340
   1.1774  63.0340
   1.1780  63.0340
   1.1787  63.0340
   1.1793  63.0340
   1.1800  63.0340
   1.1806  63.0340
   1.1812  63.1842
   1.1819  63.1842
   1.1825  63.1842
   1.1832  63.1842
   1.1838  63.1842
   1.1844  63.1842
   1.1851  63.1842
   1.1857  63.1842
   1.1864  63.1842
   1.1870  63.1842
   1.1876  63.1842
   1.1883  63.1842
   1.1889  63.1842
   1.1896  63.1842
   1.1902  63.1842
   1.1908  63.1842
   1.1915  63.1842
   1.1921  63.1842
   1.1928  63.1842
   1.1934  63.1842
   1.1940  63.1842
   1.1947  63.1842
   1.1953  63.1842
   1.1960  63.1842
   1.1966  63.1842
   1.1972  63.1842
   1.1979  63.1842
   1.1985  63.1842
   1.1992  63.1842
   1.1998  63.0340
   1.2004  62.7337
   1.2011  62.7337
   1.2017  62.7337
   1.2024  62.5337
   1.2030  62.5337
   1.2036  62.5337
   1.2043  62.3835
   1.2049  62.3835
   1.2056  62.3835
   1.2062  62.3835
   1.2068  62.3835
   1.2075  62.2333
   1.2081  62.2333
   1.2088  62.2333
   1.2094  62.2333
   1.2100  62.2333
   1.2107  62.2333
   1.2113  62.2333
   1.2120  62.2333
   1.2126  62.2333
   1.2132  62.2333
   1.2139  62.0832
   1.2145  62.0832
   1.2152  62.0832
   1.2158  62.0832
   1.2164  62.0832
   1.2171  62.0832
   1.2177  62.2333
   1.2184  62.2333
   1.2190  62.2333
   1.2196  62.2333
   1.2203  62.2333
   1.2209  62.2333
   1.2216  62.2333
   1.2222  62.2333
   1.2228  62.2333
   1.2235  62.2333
   1.2241  62.2333
   1.2248  62.2333
   1.2254  62.2333
   1.2260  62.2333
   1.2267  62.2333
   1.2273  62.3835
   1.2280  62.5337
   1.2286  62.5337
   1.2292  62.6838
   1.2299  62.6838
   1.2305  62.8340
   1.2312  62.8340
   1.2318  62.8340
   1.2324  62.8340
   1.2331  62.8340
   1.2337  62.9842
   1.2344  62.9842
   1.2350  63.1343
   1.2356  63.1343
   1.2363  63.1343
   1.2369  63.1343
   1.2376  63.1343
   1.2382  63.1343
   1.2388  63.1343
   1.2395  63.1343
   1.2401  63.1343
   1.2408  63.1343
   1.2414  63.1343
   1.2420  63.4347
   1.2427  63.5848
   1.2433  63.5848
   1.2440  63.5848
   1.2446  63.5848
   1.2452  63.5848
   1.2459  63.5848
   1.2465  63.5848
   1.2472  63.5848
   1.2478  63.5848
   1.2484  63.5848
   1.2491  63.5848
   1.2497  63.5848
   1.2504  63.5848
   1.2510  63.5848
   1.2516  63.5848
   1.2523  63.7350
   1.2529  63.7350
   1.2536  63.7350
   1.2542  63.7350
   1.2548  63.7350
   1.2555  63.7350
   1.2561  63.8851
   1.2568  63.8851
   1.2574  63.8851
   1.2580  64.0353
   1.2587  64.0353
   1.2593  64.0353
   1.2600  64.0353
   1.2606  64.0353
   1.2613  64.0353
   1.2619  64.0353
   1.2625  64.0353
   1.2632  64.0353
   1.2638  64.0353
   1.2645  64.0353
   1.2651  64.0353
   1.2657  64.0353
   1.2664  64.1855
   1.2670  64.3356
   1.2677  64.3356
   1.2683  64.4858
   1.2689  64.4858
   1.2696  64.4858
   1.2702  64.4858
   1.2709  64.4858
   1.2715  64.4858
   1.2721  64.4858
   1.2728  64.4858
   1.2734  64.4858
   1.2741  64.2858
   1.2747  64.2858
   1.2753  64.2858
   1.2760  64.7363
   1.2766  65.1868
   1.2773  65.3370
   1.2779  65.3370
   1.2785  65.3370
   1.2792  65.3370
   1.2798  65.3370
   1.2805  65.3370
   1.2811  65.3370
   1.2817  65.3370
   1.2824  65.3370
   1.2830  65.3370
   1.2837  65.3370
   1.2843  65.3370
   1.2849  65.9376
   1.2856  66.2380
   1.2862  66.5383
   1.2869  66.6885
   1.2875  66.8386
   1.2881  66.9888
   1.2888  67.1389
   1.2894  67.2891
   1.2901  67.4393
   1.2907  67.7396
   1.2913  68.0399
   1.2920  68.3403
   1.2926  68.6406
   1.2933  68.9409
   1.2939  69.3914
   1.2945  69.5416
   1.2952  69.6917
   1.2958  69.8419
   1.2965  69.9921
   1.2971  69.9921
   1.2977  70.1422
   1.2984  70.1422
   1.2990  70.1422
   1.2997  70.2924
   1.3003  70.2924
   1.3009  70.2924
   1.3016  70.2924
   1.3022  70.2924
   1.3029  70.2924
   1.3035  70.7429
   1.3041  71.7941
   1.3048  71.9442
   1.3054  72.2446
   1.3061  72.2446
   1.3067  72.5449
   1.3073  72.6951
   1.3080  72.8452
   1.3086  72.9954
   1.3093  73.1455
   1.3099  73.2957
   1.3105  73.5960
   1.3112  73.5960
   1.3118  73.8964
   1.3125  73.8964
   1.3131  73.8964
   1.3137  74.0465
   1.3144  74.0465
   1.3150  74.0465
   1.3157  74.1967
   1.3163  74.1967
   1.3169  74.1967
   1.3176  74.1967
   1.3182  74.3469
   1.3189  74.3469
   1.3195  74.3469
   1.3201  74.3469
   1.3208  74.4970
   1.3214  74.4970
   1.3221  74.4970
   1.3227  74.4970
   1.3233  74.6472
   1.3240  74.6472
   1.3246  74.6472
   1.3253  74.6472
   1.3259  74.6472
   1.3265  74.6472
   1.3272  74.6472
   1.3278  74.6472
   1.3285  74.6472
   1.3291  74.6472
   1.3297  74.6472
   1.3304  74.6472
   1.3310  74.6472
   1.3317  74.6472
   1.3323  73.7462
   1.3329  73.7462
   1.3336  73.7462
   1.3342  73.7462
   1.3349  73.7462
   1.3355  74.0465
   1.3361  74.1967
   1.3368  74.1967
   1.3374  74.1967
   1.3381  74.1967
   1.3387  74.1967
   1.3393  74.1967
   1.3400  74.1967
   1.3406  74.1967
   1.3413  74.1967
   1.3419  74.1967
   1.3426  74.0465
   1.3432  74.0465
   1.3438  74.0465
   1.3445  73.8964
   1.3451  73.8964
   1.3458  73.8964
   1.3464  73.8964
   1.3470  73.8964
   1.3477  73.8964
   1.3483  73.8964
   1.3490  73.8964
   1.3496  73.8964
   1.3502  73.6964
   1.3509  73.6964
   1.3515  73.6964
   1.3522  73.6964
   1.3528  73.6964
   1.3534  73.6964
   1.3541  73.6964
   1.3547  73.6964
   1.3554  73.6964
   1.3560  73.6964
   1.3566  73.6964
   1.3573  73.6964
   1.3579  73.6964
   1.3586  73.8465
   1.3592  73.9967
   1.3598  74.1469
   1.3605  74.2970
   1.3611  74.2970
   1.3618  74.4472
   1.3624  74.5974
   1.3630  74.5974
   1.3637  74.7475
   1.3643  74.7475
   1.3650  74.7475
   1.3656  74.8977
   1.3662  74.8977
   1.3669  74.8977
   1.3675  75.0479
   1.3682  75.0479
   1.3688  75.1980
   1.3694  75.3482
   1.3701  75.3482
   1.3707  75.4984
   1.3714  75.4984
   1.3720  75.4984
   1.3726  75.7987
   1.3733  75.7987
   1.3739  75.9488
   1.3746  75.9488
   1.3752  75.9488
   1.3758  75.9488
   1.3765  76.0990
   1.3771  76.0990
   1.3778  76.0990
   1.3784  76.0990
   1.3790  76.0990
   1.3797  76.2492
   1.3803  76.3993
   1.3810  76.5495
   1.3816  76.6997
   1.3822  76.6997
   1.3829  76.8498
   1.3835  76.8498
   1.3842  76.8498
   1.3848  76.8498
   1.3854  76.8498
   1.3861  76.8498
   1.3867  77.0000
   1.3874  77.0000
   1.3880  77.0000
   1.3886  77.0000
   1.3893  77.0000
   1.3899  77.0000
   1.3906  77.0000
   1.3912  77.0000
   1.3918  77.0000
   1.3925  77.0000
   1.3931  77.0000
   1.3938  77.0000
   1.3944  77.0000
   1.3950  77.0000
   1.3957  77.0000
   1.3963  77.0000
   1.3970  77.0000
   1.3976  76.8498
   1.3982  76.8498
   1.3989  76.8498
   1.3995  76.6997
   1.4002  76.3993
   1.4008  76.2492
   1.4014  76.0990
   1.4021  75.9488
   1.4027  75.7987
   1.4034  75.6485
   1.4040  75.4984
   1.4046  74.8977
   1.4053  74.4472
   1.4059  73.9967
   1.4066  73.5462
   1.4072  73.0957
   1.4078  72.6452
   1.4085  72.3449
   1.4091  71.5941
   1.4098  70.8432
   1.4104  70.5429
   1.4110  69.4918
   1.4117  70.5429
   1.4123  65.5875
   1.4130  64.3861
   1.4136  63.0347
   1.4142  61.8333
   1.4149  60.4818
   1.4155  60.4818
   1.4162  57.4785
   1.4168  55.8267
   1.4174  55.3762
   1.4181  53.2739
   1.4187  51.9224
   1.4194  50.5710
   1.4200  50.4208
   1.4206  43.8135
   1.4213  45.3152
   1.4219  40.5099
   1.4226  39.0083
   1.4232  37.5066
   1.4238  36.0050
   1.4245  34.2030
   1.4251  32.2508
   1.4258  30.2987
   1.4264  30.0987
   1.4271  26.9452
   1.4277  25.2934
   1.4283  23.9419
   1.4290  22.5904
   1.4296  21.2389
   1.4303  20.0376
   1.4309  18.3858
   1.4315  16.8842
   1.4322  15.2323
   1.4328  14.4815
   1.4335  14.9320
   1.4341  12.6795
   1.4347  11.7785
   1.4354  11.0277
   1.4360  10.1267
   1.4367   9.5261
   1.4373   8.7752
   1.4379   8.0244
   1.4386   7.2736
   1.4392   6.5228
   1.4399   5.7719
   1.4405   5.0211
   1.4411   4.7208
   1.4418   4.2703
   1.4424   3.9700
   1.4431   3.5195
   1.4437   3.2191
   1.4443   3.0690
   1.4450   2.7686
   1.4456   2.4683
   1.4463   2.4683
   1.4469   2.0178
   1.4475   1.7175
   1.4482   1.5673
   1.4488   1.5673
   1.4495   1.4172
   1.4501   1.4172
   1.4507   1.1168
   1.4514   1.1168
   1.4520   0.9667
   1.4527   0.9667
   1.4533   0.8165
   1.4539   0.6663
   1.4546   0.5162
   1.4552   0.5162
   1.4559   0.3660
   1.4565   0.2158
   1.4571   0.1158
   1.4578   0.0657
   1.4584   0.0657
   1.4591   0.0657
   1.4597   0.0657
   1.4603   0.0657
   1.4610   0.0657
   1.4616   0.0657
   1.4623   0.0657
   1.4629   0.0657
   1.4635   0.0657
   1.4642   0.0657
   1.4648   0.0657
   1.4655   0.0657
   1.4661   0.0657
   1.4667   0.0657
   1.4674   0.0657
   1.4680   0.0657
   1.4687   0.0657
   1.4693   0.0657
   1.4699   0.0657
   1.4706   0.0657
   1.4712   0.0657
   1.4719   0.0657
   1.4725   0.0657
   1.4731   0.0657
   1.4738   0.0657
   1.4744   0.0657
   1.4751   0.0657
   1.4757   0.0657
   1.4763   0.0657
   1.4770   0.0657
   1.4776   0.0657
   1.4783   0.0657
   1.4789   0.0657
   1.4795   0.0657
   1.4802   0.0657
   1.4808   0.0657
   1.4815   0.0657
   1.4821   0.0657
   1.4827   0.0657
   1.4834   0.0657
   1.4840   0.0657
   1.4847   0.0657
   1.4853   0.0657
   1.4859   0.0657
   1.4866   0.0657
   1.4872   0.0657
   1.4879   0.0657
   1.4885   0.0657
   1.4891   0.0657
   1.4898   0.0657
   1.4904   0.0657
   1.4911   0.0657
   1.4917   0.0657
   1.4923   0.0657
   1.4930   0.0657
   1.4936   0.0657
   1.4943   0.0657
   1.4949   0.0657
   1.4955   0.0000
   1.4962   0.0000
   1.4968   0.0000
   1.4975   0.0000
   1.4981   0.0000
   1.4987   0.0000
   1.4994   0.0000
   1.5000   0.0000
   