"Filtro U Polarimetro 1UG1+1BG39+3WG305","[ ]",100101,280.00,1100.00,10.00
1.952718E-002
1.802856E-002
1.962136E-002
2.548570E-002
4.948197E-002
1.069389E-001
1.781330E-001
3.748143E-001
4.408243E-001
4.644445E-001
4.236959E-001
2.840503E-001
1.118223E-001
2.265285E-002
4.127359E-003
2.493653E-003
2.386207E-003
2.360421E-003
2.341542E-003
2.325348E-003
2.324074E-003
2.315654E-003
2.298150E-003
2.274978E-003
2.247532E-003
2.217210E-003
2.185344E-003
2.146172E-003
2.121983E-003
2.071627E-003
2.006906E-003
1.943657E-003
1.880294E-003
3.598632E-004
3.578712E-004
3.568734E-004
3.570721E-004
3.539366E-004
3.502032E-004
3.485117E-004
3.618680E-004
5.019165E-004
9.828603E-004
1.373092E-003
1.334697E-003
1.161022E-003
1.079023E-003
1.081950E-003
1.142762E-003
1.232669E-003
1.330730E-003
1.422845E-003
1.504238E-003
1.577259E-003
1.646512E-003
1.712930E-003
1.775610E-003
1.830574E-003
1.874841E-003
1.910353E-003
1.939872E-003
1.968043E-003
1.996139E-003
2.024561E-003
2.055157E-003
2.089578E-003
2.127930E-003
2.164942E-003
2.200242E-003
2.232866E-003
2.265539E-003
2.293167E-003
2.306319E-003
2.293304E-003
2.265793E-003
2.249204E-003
2.241750E-003
2.239025E-003
2.255989E-003
2.270776E-003
2.283558E-003
2.294921E-003
2.307247E-003
