 6860  0.0001
 6870  0.0001
 6880  0.0002
 6890  0.0003
 6900  0.0005
 6910  0.0008
 6920  0.0013
 6930  0.002
 6940  0.0031
 6950  0.0047
 6960  0.0069
 6970  0.0099
 6980  0.0138
 6990  0.019
 7000  0.0255
 7010  0.0335
 7020  0.0432
 7030  0.0546
 7040  0.0678
 7050  0.0829
 7060  0.1
 7070  0.1186
 7080  0.1391
 7090  0.1616
 7100  0.1852
 7110  0.2098
 7120  0.2353
 7130  0.2615
 7140  0.288
 7150  0.3148
 7160  0.3421
 7170  0.369
 7180  0.3957
 7190  0.4223
 7200  0.4485
 7210  0.4743
 7220  0.4992
 7230  0.5231
 7240  0.5466
 7250  0.5694
 7260  0.5911
 7270  0.6121
 7280  0.6326
 7290  0.6524
 7300  0.6714
 7310  0.6896
 7320  0.7067
 7330  0.7232
 7340  0.7387
 7350  0.7537
 7360  0.7682
 7370  0.7815
 7380  0.7943
 7390  0.8065
 7400  0.8178
 7410  0.8282
 7420  0.8382
 7430  0.8481
 7440  0.8566
 7450  0.8642
 7460  0.8714
 7470  0.8777
 7480  0.8832
 7490  0.8885
 7500  0.8929
 7510  0.897
 7520  0.9001
 7530  0.9035
 7540  0.9058
 7550  0.9081
 7560  0.9096
 7570  0.9107
 7580  0.9115
 7590  0.9124
 7600  0.9129
 7610  0.9134
 7620  0.9135
 7630  0.9135
 7640  0.9135
 7650  0.9131
 7660  0.9135
 7670  0.9134
 7680  0.9132
 7690  0.9134
 7700  0.9133
 7710  0.9136
 7720  0.914
 7730  0.9145
 7740  0.9148
 7750  0.9153
 7760  0.9155
 7770  0.9166
 7780  0.917
 7790  0.9183
 7800  0.9195
 7810  0.9201
 7820  0.9211
 7830  0.9219
 7840  0.9226
 7850  0.924
 7860  0.9247
 7870  0.9259
 7880  0.9266
 7890  0.9273
 7900  0.9281
 7910  0.9288
 7920  0.929
 7930  0.9295
 7940  0.9302
 7950  0.9309
 7960  0.9315
 7970  0.9317
 7980  0.9322
 7990  0.9322
 8000  0.932
 8010  0.9321
 8020  0.9316
 8030  0.9314
 8040  0.9312
 8050  0.9312
 8060  0.9304
 8070  0.9301
 8080  0.9293
 8090  0.9281
 8100  0.9276
 8110  0.9265
 8120  0.9255
 8130  0.9244
 8140  0.9236
 8150  0.9219
 8160  0.9205
 8170  0.9186
 8180  0.9168
 8190  0.9147
 8200  0.9117
 8210  0.9092
 8220  0.9063
 8230  0.9038
 8240  0.9006
 8250  0.8979
 8260  0.8944
 8270  0.8907
 8280  0.8871
 8290  0.883
 8300  0.8792
 8310  0.8765
 8320  0.872
 8330  0.8684
 8340  0.8652
 8350  0.8622
 8360  0.8601
 8370  0.8563
 8380  0.8542
 8390  0.853
 8400  0.8514
 8410  0.8503
 8420  0.8506
 8430  0.851
 8440  0.8516
 8450  0.8541
 8460  0.8561
 8470  0.8591
 8480  0.8617
 8490  0.8672
 8500  0.8709
 8510  0.8755
 8520  0.8799
 8530  0.8847
 8540  0.8888
 8550  0.891
 8560  0.8942
 8570  0.8953
 8580  0.8924
 8590  0.8879
 8600  0.8854
 8610  0.8897
 8620  0.8789
 8630  0.8648
 8640  0.8452
 8650  0.821
 8660  0.7917
 8670  0.7587
 8680  0.7213
 8690  0.6804
 8700  0.6379
 8710  0.5923
 8720  0.5458
 8730  0.4997
 8740  0.4552
 8750  0.4125
 8760  0.3726
 8770  0.3354
 8780  0.301
 8790  0.2695
 8800  0.2415
 8810  0.2158
 8820  0.1926
 8830  0.1723
 8840  0.1541
 8850  0.1374
 8860  0.1228
 8870  0.1107
 8880  0.0999
 8890  0.09
 8900  0.0816
 8910  0.0738
 8920  0.0666
 8930  0.0606
 8940  0.0549
 8950  0.0503
 8960  0.0461
 8970  0.0417
 8980  0.0379
 8990  0.0349
 9000  0.0324
 9010  0.0296
 9020  0.0275
 9030  0.0254
 9040  0.0237
 9050  0.0216
 9060  0.0198
 9070  0.0188
 9080  0.0174
 9090  0.016
 9100  0.0158
 9110  0.0144
 9120  0.0132
 9130  0.0127
 9140  0.0118
 9150  0.0113
 9160  0.0105
 9170  0.0098
 9180  0.0094
 9190  0.0088
 9200  0.0092
 9210  0.008
 9220  0.0078
 9230  0.0077
 9240  0.0073
 9250  0.0069
 9260  0.0061
 9270  0.0061
 9280  0.0057
 9290  0.0057
 9300  0.0053
 9310  0.0049
 9320  0.0047
 9330  0.0048
 9340  0.0044
 9350  0.0045
 9360  0.0041
 9370  0.0039
 9380  0.0039
 9390  0.0038
 9400  0.0037
 9410  0.0037
 9420  0.0035
 9430  0.0034
 9440  0.0028
 9450  0.0032
 9460  0.0029
 9470  0.0028
 9480  0.0026
 9490  0.0025
 9500  0.003
 9510  0.0026
 9520  0.0024
 9530  0.0025
 9540  0.0026
 9550  0.0026
 9560  0.0023
 9570  0.0027
 9580  0.0021
 9590  0.0021
 9600  0.0025
 9610  0.0017
 9620  0.0021
 9630  0.0021
 9640  0.0018
 9650  0.0025
 9660  0.0024
 9670  0.0025
 9680  0.0023
 9690  0.002
 9700  0.0022
 9710  0.0017
 9720  0.0018
 9730  0.0016
 9740  0.0022
 9750  0.0017
 9760  0.0014
 9770  0.0014
 9780  0.0015
 9790  0.0013
 9800  0.0015
 9810  0.0017
 9820  0.0015
 9830  0.0015
 9840  0.002
 9850  0.0017
 9860  0.0017
 9870  0.0014
 9880  0.0016
 9890  0.0015
 9900  0.0022
 9910  0.0018
 9920  0.0014
 9930  0.0016
 9940  0.0017
 9950  0.0015
 9960  0.0017
 9970  0.0015
 9980  0.0014
 9990  0.0012
10000  0.0019
10010  0.0018
10020  0.0013
10030  0.0014
10040  0.001
10050  0.0015
10060  0.0015
10070  0.0013
10080  0.0014
10090  0.0015
10100  0.0018
10110  0.0012
10120  0.0013
10130  0.0019
10140  0.0019
10150  0.0016
10160  0.0016
10170  0.0013
10180  0.0017
10190  0.0015
10200  0.0015
10210  0.0013
10220  0.0015
10230  0.0015
10240  0.0016
10250  0.0016
10260  0.0014
10270  0.0017
10280  0.0018
10290  0.0015
10300  0.0018
10310  0.0017
10320  0.0012
10330  0.0008
10340  0.001
10350  0.0011
10360  0.0011
10370  0.0016
10380  0.0018
10390  0.0017
10400  0.0022
10410  0.0016
10420  0.0014
10430  0.0014
10440  0.001
10450  0.0017
10460  0.0018
10470  0.0012
10480  0.0009
10490  0.0004
10500  0.0014
10510  0.0019
10520  0.0019
10530  0.0016
10540  0.0016
10550  0.0014
10560  0.0021
10570  0.0018
10580  0.0018
10590  0.0019
10600  0.002
10610  0.0023
10620  0.0018
10630  0.0019
10640  0.0018
10650  0.0014
10660  0.0009
10670  0.0008
10680  0.0016
10690  0.0023
10700  0.0021
10710  0.0017
10720  0.0016
10730  0.0018
10740  0.0021
10750  0.002
10760  0.0019
10770  0.002
10780  0.0015
10790  0.0014
10800  0.0014
10810  0.001
10820  0.0021
10830  0.002
10840  0.0019
10850  0.0021
10860  0.0022
10870  0.0022
10880  0.0019
10890  0.0016
10900  0.0017
10910  0.0019
10920  0.0024
10930  0.0019
10940  0.002
10950  0.0018
10960  0.0014
10970  0.0021
10980  0.0023
10990  0.0023
11000  0.0025
12000  0