10001    0.00968
10002    0.024223
10003    0.035143
10004    0.039291
10005    0.038481
10006    0.033832
10007    0.026727
10008    0.020504
10009    0.017238
10010    0.017262
10011    0.019002
10012    0.01781
10013    0.010657
10014    0.001288
10015    0
10016    0
10017    0
10018    0.002646
10019    0.003386
10020    0.001073
10021    0
10022    0.005078
10023.1  0.01893
10024.1  0.033379
10025.1  0.042534
10026.1  0.04499
10027.1  0.04077
10028.1  0.032139
10029.1  0.021839
10030.1  0.011516
10031.1  0.004005
10032.1  0.001335
10033.1  0.003076
10034.1  0.007105
10035.1  0.010419
10036.1  0.010324
10037.1  0.008297
10038.1  0.006938
10039.2  0.004554
10040.2  0
10041.2  0
10042.2  0
10043.2  0
10044.2  0
10045.2  0
10046.2  0
10047.2  0.001049
10048.2  0.002742
10049.2  0.006795
10050.3  0.015616
10051.3  0.024724
10052.3  0.029469
10053.3  0.02625
10054.3  0.015545
10055.3  0.002289
10056.3  0
10057.3  0
10058.3  0
10059.4  0
10060.4  0
10061.4  0
10062.4  0
10063.4  0
10064.4  0
10065.4  0
10066.4  0
10067.5  0
10068.5  0
10069.5  0.004649
10070.5  0.008965
10071.5  0.010204
10072.5  0.006819
10073.5  0
10074.6  0
10075.6  0
10076.6  0
10077.6  0
10078.6  0.000381
10079.6  0.00205
10080.6  0
10081.7  0
10082.7  0
10083.7  0
10084.7  0
10085.7  0
10086.7  0
10087.8  0
10088.8  0
10089.8  0
10090.8  0
10091.8  0
10092.9  0
10093.9  0
10094.9  0
10095.9  0
10096.9  0
10098    0
10099    0
10100    0
10101    0
10102    0.000715
10103.1  0.005508
10104.1  0.005555
10105.1  0.004554
10106.1  0.009108
10107.1  0.020552
10108.2  0.033259
10109.2  0.041795
10110.2  0.04251
10111.2  0.036979
10112.2  0.030851
10113.3  0.02718
10114.3  0.025964
10115.3  0.023866
10116.3  0.016499
10117.4  0.005126
10118.4  0
10119.4  0
10120.4  0
10121.5  0
10122.5  0.000858
10123.5  0.007033
10124.5  0.009131
10125.6  0.007057
10126.6  0.002265
10127.6  0
10128.6  0
10129.7  0
10130.7  0
10131.7  0
10132.7  0
10133.8  0
10134.8  0
10135.8  0.002146
10136.8  0.000834
10137.9  0
10138.9  0
10139.9  0
10141    0
10142    0
10143    0
10144    0
10145.1  0.006175
10146.1  0.009298
10147.1  0.007844
10148.2  0.004005
10149.2  0
10150.2  0
10151.3  0
10152.3  0
10153.3  0
10154.3  0
10155.4  0
10156.4  0
10157.4  0
10158.5  0
10159.5  0
10160.5  0
10161.6  0
10162.6  0
10163.6  0
10164.7  0
10165.7  0
10166.7  0.000715
10167.8  0.00639
10168.8  0.011539
10169.8  0.013232
10170.9  0.009775
10171.9  0.001478
10172.9  0
10174    0
10175    0
10176    0.000906
10177.1  0.013947
10178.1  0.026321
10179.2  0.034523
10180.2  0.036287
10181.2  0.02923
10182.3  0.01502
10183.3  0
10184.3  0
10185.4  0
10186.4  0
10187.4  0.005674
10188.5  0.014544
10189.5  0.017881
10190.6  0.017023
10191.6  0.017881
10192.6  0.021458
10193.7  0.023627
10194.7  0.021291
10195.8  0.012708
10196.8  0.002194
10197.8  0
10198.9  0
10199.9  0.002694
10201    0.005746
10202    0.003934
10203    0
10204.1  0
10205.1  0
10206.2  0
10207.2  0
10208.2  0
10209.3  0
10210.3  0.001788
10211.4  0.008631
10212.4  0.011778
10213.5  0.011706
10214.5  0.0103
10215.5  0.010943
10216.6  0.012922
10217.6  0.010848
10218.7  0.001812
10219.7  0
10220.8  0
10221.8  0
10222.9  0
10223.9  0
10224.9  0
10226    0.012255
10227    0.026202
10228.1  0.035882
10229.1  0.037408
10230.2  0.028706
10231.2  0.014496
10232.3  0.001597
10233.3  0
10234.4  0
10235.4  0
10236.5  0.003266
10237.5  0.007772
10238.6  0.010467
10239.6  0.010729
10240.7  0.009322
10241.7  0.006437
10242.8  0.003815
10243.8  0.005054
10244.9  0.009751
10245.9  0.013471
10247    0.012088
10248    0.003314
10249.1  0
10250.1  0
10251.2  0
10252.2  0
10253.3  0.001907
10254.3  0.013137
10255.4  0.01936
10256.4  0.021219
10257.5  0.020576
10258.5  0.019813
10259.6  0.018334
10260.6  0.01452
10261.7  0.008774
10262.7  0.00236
10263.8  0
10264.8  0
10265.9  0
10266.9  0.002241
10268    0.008821
10269    0.015283
10270.1  0.019622
10271.2  0.020766
10272.2  0.019002
10273.3  0.01502
10274.3  0.009227
10275.4  0.002861
10276.4  0
10277.5  0
10278.5  0
10279.6  0
10280.7  0.001288
10281.7  0.005698
10282.8  0.009561
10283.8  0.01111
10284.9  0.009012
10285.9  0.004625
10287    0
10288.1  0
10289.1  0
10290.2  0
10291.2  0
10292.3  0
10293.4  0
10294.4  0
10295.5  0
10296.5  0
10297.6  0
10298.7  0
10299.7  0
10300.8  0
10301.8  0
10302.9  0
10304    0
10305    0.005531
10306.1  0.010443
10307.2  0.009704
10308.2  0.003147
10309.3  0
10310.3  0
10311.4  0
10312.5  0
10313.5  0.005174
10314.6  0.021434
10315.7  0.032377
10316.7  0.033545
10317.8  0.025034
10318.9  0.013161
10319.9  0.005341
10321    0.004101
10322    0.008368
10323.1  0.013757
10324.2  0.016141
10325.2  0.016522
10326.3  0.016546
10327.4  0.017524
10328.4  0.019193
10329.5  0.017881
10330.6  0.012422
10331.6  0.005174
10332.7  0
10333.8  0
10334.8  0
10335.9  0
10337    0
10338.1  0
10339.1  0
10340.2  0
10341.3  0
10342.3  0
10343.4  0.002718
10344.5  0.010276
10345.5  0.015354
10346.6  0.018907
10347.7  0.019026
10348.8  0.0144
10349.8  0.007892
10350.9  0.00236
10352    0
10353    0.000286
10354.1  0.000668
10355.2  0
10356.3  0
10357.3  0
10358.4  0
10359.5  0
10360.5  0.001907
10361.6  0.004244
10362.7  0.004244
10363.8  0.003505
10364.8  0.004768
10365.9  0.007558
10367    0.008726
10368.1  0.007343
10369.1  0.004005
10370.2  0.000501
10371.3  0
10372.4  0
10373.4  0
10374.5  0
10375.6  0
10376.7  0
10377.8  0
10378.8  0
10379.9  0
10381    0
10382.1  0
10383.1  0
10384.2  0.005531
10385.3  0.011659
10386.4  0.01266
10387.5  0.01092
10388.5  0.009227
10389.6  0.00937
10390.7  0.011468
10391.8  0.013399
10392.8  0.014305
10393.9  0.015211
10395    0.015283
10396.1  0.01297
10397.2  0.008965
10398.3  0.005007
10399.3  0.003433
10400.4  0.005627
10401.5  0.009203
10402.6  0.010467
10403.7  0.006843
10404.7  0
10405.8  0
10406.9  0
10408    0
10409.1  0
10410.2  0.000238
10411.2  0.003433
10412.3  0.002241
10413.4  0
10414.5  0
10415.6  0
10416.7  0
10417.8  0
10418.8  0
10419.9  0
10421    0
10422.1  0
10423.2  0
10424.3  0
10425.4  0
10426.4  0
10427.5  0
10428.6  0
10429.7  0
10430.8  0.000787
10431.9  0.004911
10433    0.007391
10434.1  0.009394
10435.1  0.012612
10436.2  0.018072
10437.3  0.022674
10438.4  0.023985
10439.5  0.024939
10440.6  0.027728
10441.7  0.032783
10442.8  0.037742
10443.9  0.036407
10445    0.026274
10446    0.011134
10447.1  0
10448.2  0
10449.3  0
10450.4  0
10451.5  0
10452.6  0
10453.7  0
10454.8  0
10455.9  0
10457    0
10458.1  0
10459.2  0
10460.3  0.002813
10461.3  0.007653
10462.4  0.012016
10463.5  0.014853
10464.6  0.017309
10465.7  0.020075
10466.8  0.020671
10467.9  0.017285
10469    0.010729
10470.1  0.003266
10471.2  0
10472.3  0
10473.4  0.002789
10474.5  0.007272
10475.6  0.007916
10476.7  0.003719
10477.8  0
10478.9  0
10480    0
10481.1  0.000143
10482.2  0.004244
10483.3  0.006413
10484.4  0.006294
10485.5  0.004888
10486.6  0.004172
10487.7  0.006247
10488.8  0.011778
10489.9  0.018835
10491    0.024271
10492.1  0.025344
10493.2  0.021148
10494.3  0.01421
10495.4  0.007916
10496.5  0.004411
10497.6  0.003934
10498.7  0.003672
10499.8  0.001454
10500.9  0
10502    0
10503.1  0
10504.2  0.00422
10505.3  0.01471
10506.4  0.023651
10507.5  0.026488
10508.6  0.021935
10509.7  0.012875
10510.8  0.00298
10511.9  0
10513    0
10514.1  0
10515.2  0
10516.4  0.005174
10517.5  0.010681
10518.6  0.012612
10519.7  0.010252
10520.8  0.004959
10521.9  0.001311
10523    0.002956
10524.1  0.008798
10525.2  0.01502
10526.3  0.017333
10527.4  0.01328
10528.5  0.005364
10529.6  0
10530.7  0
10531.9  0
10533    0
10534.1  0
10535.2  0.000548
10536.3  0
10537.4  0
10538.5  0
10539.6  0
10540.7  0
10541.9  0
10543    0
10544.1  0
10545.2  0.001001
10546.3  0.000453
10547.4  0
10548.5  0
10549.6  0
10550.7  0
10551.9  0
10553    0
10554.1  0
10555.2  0
10556.3  0
10557.4  0
10558.5  0
10559.7  0
10560.8  0
10561.9  0
10563    0
10564.1  0
10565.2  0
10566.4  0
10567.5  0
10568.6  0
10569.7  0
10570.8  0
10571.9  0
10573.1  0
10574.2  0
10575.3  0
10576.4  0.003529
10577.5  0.007534
10578.7  0.009871
10579.8  0.007868
10580.9  0.000215
10582    0
10583.1  0
10584.3  0
10585.4  0
10586.5  9.5e-05
10587.6  0
10588.7  0
10589.9  0
10591    0.002289
10592.1  0.010109
10593.2  0.014305
10594.3  0.012255
10595.5  0.007939
10596.6  0.004959
10597.7  0.005078
10598.8  0.007391
10600    0.007772
10601.1  0.005531
10602.2  0.003529
10603.3  0.003195
10604.5  0.004768
10605.6  0.006771
10606.7  0.006413
10607.8  0.004721
10609    0.004387
10610.1  0.004554
10611.2  0.003648
10612.3  0.001264
10613.5  0
10614.6  0
10615.7  0
10616.8  0.002122
10618    0.005674
10619.1  0.005651
10620.2  0.000858
10621.3  0
10622.5  0
10623.6  0
10624.7  0
10625.9  0
10627    0
10628.1  0.004411
10629.3  0.014305
10630.4  0.020957
10631.5  0.023389
10632.6  0.02346
10633.8  0.022435
10634.9  0.021076
10636    0.018597
10637.2  0.013494
10638.3  0.007868
10639.4  0.004721
10640.6  0.006104
10641.7  0.011969
10642.8  0.017428
10644    0.017405
10645.1  0.011039
10646.2  0.000668
10647.4  0
10648.5  0
10649.6  0
10650.8  0
10651.9  0
10653    0
10654.2  0
10655.3  0
10656.4  0
10657.6  0
10658.7  0
10659.8  0
10661    0
10662.1  0
10663.3  0
10664.4  0
10665.5  0.000906
10666.7  0.00155
10667.8  0.00155
10668.9  0.002646
10670.1  0.005984
10671.2  0.010109
10672.4  0.012541
10673.5  0.012422
10674.6  0.010085
10675.8  0.007486
10676.9  0.006652
10678.1  0.007129
10679.2  0.00782
10680.3  0.008583
10681.5  0.008965
10682.6  0.008988
10683.8  0.008321
10684.9  0.005341
10686    0.000286
10687.2  0
10688.3  0
10689.5  0
10690.6  0.002551
10691.8  0.009108
10692.9  0.011969
10694    0.010061
10695.2  0.00596
10696.3  0.004244
10697.5  0.00639
10698.6  0.010896
10699.8  0.01452
10700.9  0.013995
10702.1  0.009608
10703.2  0.004053
10704.3  0.000548
10705.5  0.001383
10706.6  0.005436
10707.8  0.010037
10708.9  0.01297
10710.1  0.01297
10711.2  0.011325
10712.4  0.00968
10713.5  0.008392
10714.7  0.007367
10715.8  0.005698
10717    0.003409
10718.1  0.002074
10719.3  0.003004
10720.4  0.006867
10721.6  0.012326
10722.7  0.016308
10723.9  0.01688
10725    0.013947
10726.2  0.008798
10727.3  0.003457
10728.5  0.000286
10729.6  0.000477
10730.8  0.003147
10731.9  0.005841
10733.1  0.006247
10734.2  0.003386
10735.4  0
10736.5  0
10737.7  0
10738.8  0
10740    0
10741.1  0.001812
10742.3  0.007701
10743.4  0.010657
10744.6  0.009918
10745.8  0.006604
10746.9  0.003243
10748.1  0.002027
10749.2  0.003767
10750.4  0.007343
10751.5  0.009966
10752.7  0.010347
10753.8  0.009155
10755    0.008631
10756.2  0.011587
10757.3  0.017285
10758.5  0.022292
10759.6  0.023961
10760.8  0.021052
10761.9  0.015926
10763.1  0.012422
10764.3  0.011325
10765.4  0.011539
10766.6  0.011253
10767.7  0.008869
10768.9  0.005627
10770.1  0.003624
10771.2  0.003147
10772.4  0.004125
10773.5  0.006127
10774.7  0.008535
10775.9  0.011182
10777    0.013685
10778.2  0.01483
10779.3  0.014663
10780.5  0.01452
10781.7  0.015807
10782.8  0.019503
10784    0.02501
10785.2  0.030255
10786.3  0.033474
10787.5  0.033927
10788.7  0.031638
10789.8  0.027537
10791    0.022578
10792.1  0.017333
10793.3  0.013328
10794.5  0.011778
10795.6  0.011706
10796.8  0.011516
10798    0.010943
10799.1  0.010514
10800.3  0.011754
10801.5  0.015616
10802.6  0.020099
10803.8  0.023103
10805    0.024009
10806.1  0.023222
10807.3  0.022721
10808.5  0.023627
10809.6  0.024557
10810.8  0.024533
10812    0.023699
10813.1  0.022721
10814.3  0.023031
10815.5  0.024486
10816.7  0.025177
10817.8  0.024343
10819    0.022554
10820.2  0.020862
10821.3  0.020623
10822.5  0.022197
10823.7  0.024819
10824.9  0.027823
10826    0.03047
10827.2  0.031686
10828.4  0.030851
10829.5  0.028586
10830.7  0.025868
10831.9  0.02346
10833.1  0.021791
10834.2  0.019932
10835.4  0.017476
10836.6  0.015759
10837.8  0.016141
10838.9  0.019503
10840.1  0.025249
10841.3  0.029969
10842.5  0.032282
10843.6  0.033832
10844.8  0.036311
10846    0.041056
10847.2  0.046682
10848.3  0.049233
10849.5  0.047851
10850.7  0.044823
10851.9  0.042534
10853    0.043225
10854.2  0.045943
10855.4  0.047755
10856.6  0.049043
10857.8  0.051403
10858.9  0.055194
10860.1  0.060058
10861.3  0.063157
10862.5  0.062037
10863.7  0.058079
10864.8  0.053883
10866    0.05126
10867.2  0.051141
10868.4  0.052047
10869.6  0.052714
10870.7  0.054336
10871.9  0.057602
10873.1  0.062346
10874.3  0.067353
10875.5  0.07031
10876.7  0.070357
10877.8  0.068617
10879    0.066686
10880.2  0.065827
10881.4  0.066924
10882.6  0.069857
10883.8  0.073671
10884.9  0.076866
10886.1  0.078511
10887.3  0.078583
10888.5  0.077486
10889.7  0.076103
10890.9  0.074935
10892.1  0.07422
10893.2  0.07453
10894.4  0.075912
10895.6  0.079036
10896.8  0.083637
10898    0.086832
10899.2  0.086594
10900.4  0.083447
10901.6  0.079536
10902.7  0.077868
10903.9  0.080204
10905.1  0.085139
10906.3  0.090861
10907.5  0.095916
10908.7  0.10011
10909.9  0.10512
10911.1  0.1111
10912.3  0.11644
10913.5  0.12009
10914.6  0.12171
10915.8  0.12202
10917    0.12236
10918.2  0.12369
10919.4  0.12612
10920.6  0.12958
10921.8  0.13347
10923    0.13626
10924.2  0.13678
10925.4  0.13516
10926.6  0.13247
10927.8  0.1308
10929    0.13163
10930.2  0.13411
10931.4  0.1368
10932.5  0.13957
10933.7  0.14231
10934.9  0.14527
10936.1  0.14822
10937.3  0.14946
10938.5  0.14887
10939.7  0.14842
10940.9  0.14987
10942.1  0.15454
10943.3  0.16146
10944.5  0.16754
10945.7  0.17228
10946.9  0.17741
10948.1  0.18423
10949.3  0.19331
10950.5  0.20247
10951.7  0.20816
10952.9  0.20926
10954.1  0.20671
10955.3  0.20249
10956.5  0.19901
10957.7  0.19822
10958.9  0.20046
10960.1  0.20494
10961.3  0.20988
10962.5  0.21241
10963.7  0.2115
10964.9  0.20931
10966.1  0.20881
10967.3  0.2121
10968.5  0.2193
10969.7  0.22752
10970.9  0.23437
10972.1  0.23983
10973.3  0.2439
10974.5  0.24657
10975.7  0.24824
10976.9  0.24898
10978.2  0.25058
10979.4  0.25551
10980.6  0.26298
10981.8  0.26989
10983    0.27354
10984.2  0.27239
10985.4  0.26915
10986.6  0.26841
10987.8  0.26984
10989    0.27149
10990.2  0.27311
10991.4  0.27502
10992.6  0.28019
10993.8  0.29042
10995.1  0.30155
10996.3  0.30959
10997.5  0.31371
10998.7  0.31507
10999.9  0.31788
11001.1  0.32368
11002.3  0.3278
11003.5  0.32766
11004.7  0.32473
11005.9  0.32156
11007.2  0.3217
11008.4  0.32537
11009.6  0.32897
11010.8  0.33143
11012    0.33424
11013.2  0.33896
11014.4  0.34704
11015.6  0.35675
11016.9  0.36452
11018.1  0.36972
11019.3  0.37344
11020.5  0.37572
11021.7  0.3768
11022.9  0.37782
11024.1  0.37956
11025.4  0.38342
11026.6  0.3895
11027.8  0.39444
11029    0.39573
11030.2  0.39504
11031.4  0.39463
11032.7  0.39687
11033.9  0.40197
11035.1  0.40581
11036.3  0.40672
11037.5  0.40715
11038.7  0.40936
11040    0.41502
11041.2  0.4226
11042.4  0.42727
11043.6  0.42815
11044.8  0.42822
11046.1  0.42899
11047.3  0.43113
11048.5  0.43375
11049.7  0.43492
11050.9  0.43683
11052.2  0.44265
11053.4  0.45123
11054.6  0.4596
11055.8  0.46451
11057.1  0.46391
11058.3  0.46046
11059.5  0.45786
11060.7  0.45617
11061.9  0.45526
11063.2  0.45583
11064.4  0.45843
11065.6  0.4647
11066.8  0.47429
11068.1  0.48375
11069.3  0.49074
11070.5  0.4957
11071.7  0.49887
11073    0.5003
11074.2  0.49989
11075.4  0.49686
11076.7  0.49314
11077.9  0.49233
11079.1  0.49469
11080.3  0.49815
11081.6  0.50018
11082.8  0.49872
11084    0.4962
11085.2  0.49686
11086.5  0.50066
11087.7  0.50554
11088.9  0.50979
11090.2  0.51179
11091.4  0.51312
11092.6  0.51558
11093.9  0.51718
11095.1  0.51649
11096.3  0.51434
11097.5  0.51229
11098.8  0.51289
11100    0.51684
11101.2  0.52149
11102.5  0.52488
11103.7  0.52748
11104.9  0.52948
11106.2  0.53115
11107.4  0.5322
11108.6  0.53134
11109.9  0.52962
11111.1  0.52993
11112.3  0.53174
11113.6  0.53265
11114.8  0.53151
11116.1  0.52831
11117.3  0.52598
11118.5  0.5281
11119.8  0.53303
11121    0.53747
11122.2  0.54059
11123.5  0.54255
11124.7  0.54541
11125.9  0.55063
11127.2  0.55425
11128.4  0.55335
11129.7  0.54941
11130.9  0.54526
11132.1  0.54481
11133.4  0.54924
11134.6  0.55475
11135.9  0.55826
11137.1  0.55985
11138.3  0.55993
11139.6  0.55947
11140.8  0.55895
11142.1  0.55745
11143.3  0.5558
11144.5  0.55611
11145.8  0.55778
11147    0.55864
11148.3  0.55854
11149.5  0.55835
11150.8  0.55945
11152    0.5631
11153.2  0.56605
11154.5  0.56472
11155.7  0.56083
11157    0.55757
11158.2  0.55802
11159.5  0.56329
11160.7  0.56829
11162    0.56837
11163.2  0.56548
11164.5  0.56207
11165.7  0.55931
11166.9  0.55754
11168.2  0.55392
11169.4  0.54932
11170.7  0.54989
11171.9  0.55764
11173.2  0.56961
11174.4  0.58067
11175.7  0.58446
11176.9  0.58208
11178.2  0.58103
11179.4  0.58296
11180.7  0.58491
11181.9  0.58362
11183.2  0.57616
11184.4  0.56686
11185.7  0.56288
11186.9  0.5641
11188.2  0.56746
11189.4  0.57054
11190.7  0.57151
11191.9  0.57328
11193.2  0.57876
11194.4  0.58434
11195.7  0.58699
11197    0.58742
11198.2  0.58711
11199.5  0.58887
11200.7  0.59292
11202    0.59423
11203.2  0.59063
11204.5  0.58522
11205.7  0.58062
11207    0.57845
11208.2  0.57864
11209.5  0.57852
11210.8  0.57871
11212    0.5826
11213.3  0.58925
11214.5  0.59557
11215.8  0.59834
11217    0.59526
11218.3  0.59018
11219.6  0.58897
11220.8  0.59133
11222.1  0.59423
11223.3  0.59562
11224.6  0.59395
11225.9  0.59156
11227.1  0.59106
11228.4  0.59006
11229.6  0.58684
11230.9  0.58298
11232.2  0.58029
11233.4  0.58067
11234.7  0.58408
11236    0.58651
11237.2  0.58622
11238.5  0.58582
11239.7  0.58608
11241    0.58591
11242.3  0.58389
11243.5  0.57814
11244.8  0.57118
11246.1  0.56865
11247.3  0.57073
11248.6  0.5738
11249.9  0.57542
11251.1  0.57414
11252.4  0.57368
11253.7  0.57909
11254.9  0.58739
11256.2  0.59326
11257.5  0.59404
11258.7  0.58951
11260    0.58529
11261.3  0.58665
11262.5  0.59109
11263.8  0.5949
11265.1  0.5975
11266.3  0.59865
11267.6  0.60027
11268.9  0.60246
11270.1  0.60089
11271.4  0.59452
11272.7  0.58713
11274    0.58188
11275.2  0.58067
11276.5  0.5826
11277.8  0.58379
11279    0.58393
11280.3  0.58599
11281.6  0.59011
11282.9  0.59476
11284.1  0.59788
11285.4  0.59738
11286.7  0.5959
11288    0.59741
11289.2  0.60031
11290.5  0.60148
11291.8  0.59962
11293.1  0.59478
11294.3  0.59099
11295.6  0.59166
11296.9  0.59383
11298.2  0.59438
11299.4  0.59333
11300.7  0.59171
11302    0.59221
11303.3  0.59588
11304.5  0.59929
11305.8  0.60081
11307.1  0.60241
11308.4  0.60458
11309.7  0.6068
11310.9  0.60751
11312.2  0.6042
11313.5  0.5986
11314.8  0.59574
11316.1  0.5965
11317.3  0.59888
11318.6  0.60034
11319.9  0.59848
11321.2  0.59621
11322.5  0.5981
11323.7  0.60308
11325    0.60804
11326.3  0.61071
11327.6  0.60978
11328.9  0.60806
11330.2  0.60844
11331.4  0.60859
11332.7  0.60644
11334    0.60301
11335.3  0.59981
11336.6  0.59869
11337.9  0.60034
11339.2  0.60217
11340.4  0.60356
11341.7  0.60723
11343    0.61352
11344.3  0.62051
11345.6  0.62506
11346.9  0.62323
11348.2  0.61679
11349.4  0.61221
11350.7  0.6108
11352    0.61011
11353.3  0.60821
11354.6  0.60351
11355.9  0.59948
11357.2  0.60103
11358.5  0.60613
11359.8  0.61064
11361.1  0.61226
11362.3  0.61028
11363.6  0.60873
11364.9  0.61119
11366.2  0.6144
11367.5  0.61491
11368.8  0.61276
11370.1  0.60892
11371.4  0.60623
11372.7  0.60587
11374    0.60453
11375.3  0.60167
11376.6  0.60089
11377.9  0.60413
11379.2  0.61138
11380.4  0.61991
11381.7  0.62449
11383    0.62454
11384.3  0.62385
11385.6  0.62311
11386.9  0.62137
11388.2  0.61827
11389.5  0.61338
11390.8  0.61078
11392.1  0.61483
11393.4  0.62206
11394.7  0.62683
11396    0.62714
11397.3  0.6232
11398.6  0.6197
11399.9  0.62056
11401.2  0.62151
11402.5  0.61865
11403.8  0.61312
11405.1  0.60761
11406.4  0.60699
11407.7  0.61271
11409    0.61917
11410.3  0.62292
11411.6  0.62521
11412.9  0.62702
11414.2  0.62945
11415.5  0.63121
11416.8  0.62821
11418.1  0.62172
11419.4  0.61707
11420.7  0.61612
11422    0.61789
11423.3  0.61975
11424.7  0.61827
11426    0.61584
11427.3  0.61691
11428.6  0.61982
11429.9  0.62156
11431.2  0.62079
11432.5  0.61738
11433.8  0.61629
11435.1  0.62106
11436.4  0.62649
11437.7  0.62768
11439    0.62449
11440.3  0.61915
11441.6  0.61758
11443    0.62201
11444.3  0.62671
11445.6  0.6278
11446.9  0.62573
11448.2  0.62249
11449.5  0.62211
11450.8  0.62456
11452.1  0.62525
11453.4  0.62344
11454.8  0.6217
11456.1  0.62108
11457.4  0.62194
11458.7  0.62249
11460    0.62006
11461.3  0.61736
11462.6  0.61848
11463.9  0.6223
11465.3  0.62592
11466.6  0.62654
11467.9  0.6227
11469.2  0.61865
11470.5  0.61858
11471.8  0.62082
11473.2  0.62289
11474.5  0.62325
11475.8  0.6216
11477.1  0.62115
11478.4  0.62332
11479.7  0.62492
11481.1  0.62435
11482.4  0.6227
11483.7  0.62113
11485    0.6212
11486.3  0.62208
11487.7  0.62041
11489    0.61677
11490.3  0.61483
11491.6  0.61581
11492.9  0.6192
11494.3  0.6228
11495.6  0.6237
11496.9  0.62399
11498.2  0.62728
11499.5  0.6321
11500.9  0.6356
11502.2  0.63565
11503.5  0.6314
11504.8  0.62704
11506.2  0.62635
11507.5  0.62709
11508.8  0.62671
11510.1  0.62511
11511.5  0.6232
11512.8  0.62449
11514.1  0.62969
11515.4  0.63393
11516.8  0.63457
11518.1  0.63274
11519.4  0.63052
11520.7  0.63095
11522.1  0.63372
11523.4  0.63477
11524.7  0.63353
11526    0.63248
11527.4  0.63219
11528.7  0.63233
11530    0.63162
11531.4  0.6283
11532.7  0.6254
11534    0.62692
11535.4  0.63162
11536.7  0.63646
11538    0.63884
11539.3  0.63744
11540.7  0.63598
11542    0.63796
11543.3  0.64099
11544.7  0.64247
11546    0.64204
11547.3  0.64049
11548.7  0.64135
11550    0.64545
11551.3  0.64809
11552.7  0.64695
11554    0.64404
11555.4  0.64108
11556.7  0.63977
11558    0.63887
11559.4  0.63396
11560.7  0.62656
11562    0.62249
11563.4  0.62382
11564.7  0.62993
11566    0.63612
11567.4  0.6366
11568.7  0.63369
11570.1  0.63319
11571.4  0.63663
11572.7  0.64328
11574.1  0.64926
11575.4  0.65053
11576.8  0.64971
11578.1  0.65
11579.4  0.64986
11580.8  0.64805
11582.1  0.64459
11583.5  0.64061
11584.8  0.64015
11586.1  0.64411
11587.5  0.64743
11588.8  0.64735
11590.2  0.64492
11591.5  0.64254
11592.9  0.6439
11594.2  0.6485
11595.5  0.65114
11596.9  0.65079
11598.2  0.64993
11599.6  0.64981
11600.9  0.65122
11602.3  0.65153
11603.6  0.64695
11605    0.64065
11606.3  0.63798
11607.7  0.63972
11609    0.64433
11610.4  0.64762
11611.7  0.64619
11613.1  0.6434
11614.4  0.64347
11615.8  0.64588
11617.1  0.64926
11618.5  0.65157
11619.8  0.65191
11621.2  0.6536
11622.5  0.65758
11623.9  0.65968
11625.2  0.65777
11626.6  0.65269
11627.9  0.64712
11629.3  0.64549
11630.6  0.64785
11632    0.6496
11633.3  0.6495
11634.7  0.64919
11636    0.65019
11637.4  0.65398
11638.7  0.65811
11640.1  0.65839
11641.4  0.65594
11642.8  0.65384
11644.2  0.65305
11645.5  0.65362
11646.9  0.65324
11648.2  0.64986
11649.6  0.64645
11650.9  0.64611
11652.3  0.64776
11653.7  0.65007
11655    0.65246
11656.4  0.65506
11657.7  0.66068
11659.1  0.66915
11660.4  0.67506
11661.8  0.67549
11663.2  0.67105
11664.5  0.6649
11665.9  0.66226
11667.3  0.66345
11668.6  0.66354
11670    0.66071
11671.3  0.6562
11672.7  0.65229
11674.1  0.652
11675.4  0.65405
11676.8  0.6547
11678.2  0.65424
11679.5  0.65441
11680.9  0.65503
11682.2  0.65572
11683.6  0.65451
11685    0.65038
11686.3  0.64738
11687.7  0.64902
11689.1  0.65427
11690.4  0.66056
11691.8  0.66457
11693.2  0.66454
11694.5  0.66335
11695.9  0.6629
11697.3  0.66156
11698.6  0.65916
11700    0.65691
11701.4  0.65641
11702.8  0.65985
11704.1  0.66524
11705.5  0.66733
11706.9  0.66485
11708.2  0.6603
11709.6  0.65658
11711    0.65658
11712.3  0.65873
11713.7  0.65901
11715.1  0.65835
11716.5  0.65932
11717.8  0.66209
11719.2  0.66605
11720.6  0.66864
11722    0.66783
11723.3  0.66688
11724.7  0.66869
11726.1  0.67151
11727.5  0.67294
11728.8  0.67067
11730.2  0.66481
11731.6  0.66071
11733    0.66142
11734.3  0.66466
11735.7  0.66788
11737.1  0.669
11738.5  0.66817
11739.8  0.66884
11741.2  0.6711
11742.6  0.67146
11744    0.66979
11745.4  0.66803
11746.7  0.66845
11748.1  0.67306
11749.5  0.67835
11750.9  0.67863
11752.3  0.67391
11753.6  0.66724
11755    0.66156
11756.4  0.65937
11757.8  0.65923
11759.2  0.6587
11760.6  0.65975
11761.9  0.66373
11763.3  0.66919
11764.7  0.67403
11766.1  0.67513
11767.5  0.67179
11768.9  0.66798
11770.2  0.66652
11771.6  0.66648
11773    0.66683
11774.4  0.66659
11775.8  0.66593
11777.2  0.66714
11778.6  0.66941
11780    0.66934
11781.3  0.6664
11782.7  0.66237
11784.1  0.65989
11785.5  0.66164
11786.9  0.66648
11788.3  0.67079
11789.7  0.67434
11791.1  0.67794
11792.5  0.68088
11793.8  0.68245
11795.2  0.68009
11796.6  0.67258
11798    0.66447
11799.4  0.66028
11800.8  0.6604
11802.2  0.66342
11803.6  0.66626
11805    0.66679
11806.4  0.66714
11807.8  0.66838
11809.2  0.66836
11810.6  0.66631
11812    0.66276
11813.3  0.65978
11814.7  0.66097
11816.1  0.66571
11817.5  0.66955
11818.9  0.6706
11820.3  0.66948
11821.7  0.66841
11823.1  0.67036
11824.5  0.67399
11825.9  0.67551
11827.3  0.67475
11828.7  0.67303
11830.1  0.67165
11831.5  0.67174
11832.9  0.67213
11834.3  0.67124
11835.7  0.67136
11837.1  0.67396
11838.5  0.67694
11839.9  0.67806
11841.3  0.67537
11842.7  0.66936
11844.1  0.66516
11845.5  0.66545
11846.9  0.6675
11848.3  0.66862
11849.7  0.66705
11851.1  0.6635
11852.6  0.66209
11854    0.66342
11855.4  0.6644
11856.8  0.66411
11858.2  0.66316
11859.6  0.66345
11861    0.6676
11862.4  0.67325
11863.8  0.67599
11865.2  0.67604
11866.6  0.67554
11868    0.67647
11869.4  0.68004
11870.8  0.68314
11872.3  0.6824
11873.7  0.67976
11875.1  0.67775
11876.5  0.6768
11877.9  0.67682
11879.3  0.67604
11880.7  0.67401
11882.1  0.67449
11883.5  0.67859
11885    0.68295
11886.4  0.68471
11887.8  0.68228
11889.2  0.67735
11890.6  0.6753
11892    0.67713
11893.4  0.67916
11894.8  0.67923
11896.3  0.67668
11897.7  0.67329
11899.1  0.6727
11900.5  0.67363
11901.9  0.67255
11903.3  0.67012
11904.8  0.66824
11906.2  0.66907
11907.6  0.67387
11909    0.67866
11910.4  0.6794
11911.9  0.67747
11913.3  0.67544
11914.7  0.67484
11916.1  0.67635
11917.5  0.67732
11919    0.67637
11920.4  0.67632
11921.8  0.67863
11923.2  0.68192
11924.6  0.6845
11926.1  0.68412
11927.5  0.68138
11928.9  0.68009
11930.3  0.68088
11931.8  0.68116
11933.2  0.67978
11934.6  0.67675
11936    0.6743
11937.4  0.67565
11938.9  0.6794
11940.3  0.68173
11941.7  0.68192
11943.2  0.68073
11944.6  0.67918
11946    0.67861
11947.4  0.67713
11948.9  0.67315
11950.3  0.66991
11951.7  0.67022
11953.1  0.67403
11954.6  0.67973
11956    0.68331
11957.4  0.68285
11958.9  0.68214
11960.3  0.6835
11961.7  0.6856
11963.2  0.68691
11964.6  0.68541
11966    0.68221
11967.4  0.68212
11968.9  0.68541
11970.3  0.68815
11971.7  0.68793
11973.2  0.68386
11974.6  0.67852
11976    0.67673
11977.5  0.67749
11978.9  0.67704
11980.4  0.67523
11981.8  0.67334
11983.2  0.67387
11984.7  0.67878
11986.1  0.6839
11987.5  0.68495
11989    0.68326
11990.4  0.68152
11991.8  0.68247
11993.3  0.68717
11994.7  0.69163
11996.2  0.69289
11997.6  0.69275
11999    0.6928
12000.5  0.69349
12001.9  0.69463
12003.4  0.69408
12004.8  0.69222
12006.2  0.69246
12007.7  0.69458
12009.1  0.69554
12010.6  0.69339
12012    0.68734
12013.5  0.68045
12014.9  0.6778
12016.3  0.67899
12017.8  0.68057
12019.2  0.68097
12020.7  0.67971
12022.1  0.67878
12023.6  0.68071
12025    0.68331
12026.5  0.68388
12027.9  0.68316
12029.4  0.68231
12030.8  0.68209
12032.2  0.68278
12033.7  0.6819
12035.1  0.6788
12036.6  0.67725
12038    0.67925
12039.5  0.68367
12040.9  0.688
12042.4  0.68839
12043.8  0.68491
12045.3  0.68233
12046.7  0.6824
12048.2  0.68364
12049.6  0.6844
12051.1  0.68278
12052.5  0.68066
12054    0.68209
12055.5  0.68643
12056.9  0.69058
12058.4  0.69251
12059.8  0.69103
12061.3  0.68815
12062.7  0.68679
12064.2  0.68598
12065.6  0.68421
12067.1  0.68297
12068.5  0.68331
12070    0.68526
12071.5  0.688
12072.9  0.68803
12074.4  0.6844
12075.8  0.68126
12077.3  0.68152
12078.8  0.68514
12080.2  0.69022
12081.7  0.69261
12083.1  0.6918
12084.6  0.69194
12086.1  0.69423
12087.5  0.69709
12089    0.69852
12090.4  0.69623
12091.9  0.69222
12093.4  0.69101
12094.8  0.69268
12096.3  0.69482
12097.7  0.6959
12099.2  0.69492
12100.7  0.69385
12102.1  0.69513
12103.6  0.69685
12105.1  0.69664
12106.5  0.69504
12108    0.69315
12109.5  0.69275
12110.9  0.69449
12112.4  0.69523
12113.9  0.69318
12115.3  0.69048
12116.8  0.68901
12118.3  0.68934
12119.7  0.69087
12121.2  0.69113
12122.7  0.68986
12124.2  0.68958
12125.6  0.69084
12127.1  0.69234
12128.6  0.69313
12130    0.69246
12131.5  0.69151
12133    0.69263
12134.4  0.69437
12135.9  0.69387
12137.4  0.69149
12138.9  0.68879
12140.3  0.68848
12141.8  0.69242
12143.3  0.69692
12144.8  0.69804
12146.2  0.69675
12147.7  0.69532
12149.2  0.6958
12150.7  0.69907
12152.1  0.70133
12153.6  0.70055
12155.1  0.69988
12156.6  0.70124
12158.1  0.70429
12159.5  0.70701
12161    0.70515
12162.5  0.69909
12164    0.69447
12165.5  0.69366
12166.9  0.69563
12168.4  0.6979
12169.9  0.69709
12171.4  0.69447
12172.9  0.69432
12174.3  0.69678
12175.8  0.69973
12177.3  0.70128
12178.8  0.7
12180.3  0.69792
12181.8  0.69804
12183.2  0.699
12184.7  0.699
12186.2  0.69873
12187.7  0.69888
12189.2  0.70038
12190.7  0.70298
12192.1  0.70298
12193.6  0.69895
12195.1  0.69454
12196.6  0.69287
12198.1  0.69523
12199.6  0.70033
12201.1  0.70353
12202.6  0.7036
12204.1  0.70379
12205.5  0.70555
12207    0.70848
12208.5  0.71082
12210    0.70958
12211.5  0.70591
12213    0.70362
12214.5  0.70269
12216    0.70145
12217.5  0.69945
12219    0.69666
12220.5  0.69556
12222    0.69838
12223.4  0.70205
12224.9  0.70312
12226.4  0.70162
12227.9  0.6988
12229.4  0.69778
12230.9  0.70002
12232.4  0.70183
12233.9  0.70064
12235.4  0.69802
12236.9  0.69578
12238.4  0.69571
12239.9  0.69749
12241.4  0.69761
12242.9  0.6954
12244.4  0.69361
12245.9  0.69358
12247.4  0.69528
12248.9  0.69759
12250.4  0.6983
12251.9  0.69838
12253.4  0.70045
12254.9  0.70357
12256.4  0.70546
12257.9  0.70479
12259.4  0.70124
12260.9  0.69797
12262.4  0.69838
12263.9  0.70069
12265.4  0.70219
12266.9  0.70233
12268.4  0.70136
12269.9  0.70109
12271.4  0.70264
12273    0.70336
12274.5  0.70183
12276    0.69988
12277.5  0.69904
12279    0.70019
12280.5  0.70274
12282    0.70374
12283.5  0.70305
12285    0.70384
12286.5  0.70662
12288    0.70984
12289.5  0.7113
12291.1  0.70872
12292.6  0.70436
12294.1  0.703
12295.6  0.70481
12297.1  0.70751
12298.6  0.70889
12300.1  0.70717
12301.6  0.7051
12303.1  0.70596
12304.7  0.70775
12306.2  0.70784
12307.7  0.70574
12309.2  0.70221
12310.7  0.70081
12312.2  0.70355
12313.8  0.70732
12315.3  0.70922
12316.8  0.70882
12318.3  0.70655
12319.8  0.70434
12321.3  0.7031
12322.9  0.70128
12324.4  0.6994
12325.9  0.69997
12327.4  0.70338
12328.9  0.70827
12330.5  0.7122
12332    0.71232
12333.5  0.70992
12335    0.7087
12336.5  0.7091
12338.1  0.7098
12339.6  0.70918
12341.1  0.70596
12342.6  0.70264
12344.2  0.70221
12345.7  0.70364
12347.2  0.705
12348.7  0.7055
12350.3  0.70493
12351.8  0.70474
12353.3  0.70589
12354.8  0.70617
12356.4  0.70462
12357.9  0.70307
12359.4  0.70286
12360.9  0.70443
12362.5  0.7066
12364    0.70624
12365.5  0.70322
12367.1  0.70083
12368.6  0.70088
12370.1  0.70324
12371.6  0.70646
12373.2  0.70779
12374.7  0.70798
12376.2  0.70977
12377.8  0.71254
12379.3  0.71435
12380.8  0.71399
12382.4  0.71108
12383.9  0.70856
12385.4  0.70949
12387    0.71208
12388.5  0.71363
12390    0.71354
12391.6  0.71211
12393.1  0.7117
12394.6  0.71373
12396.2  0.71535
12397.7  0.7148
12399.3  0.71354
12400.8  0.71285
12402.3  0.71392
12403.9  0.71592
12405.4  0.71545
12406.9  0.71223
12408.5  0.70963
12410    0.70946
12411.6  0.71197
12413.1  0.71507
12414.6  0.71516
12416.2  0.71266
12417.7  0.71073
12419.3  0.71013
12420.8  0.71054
12422.4  0.71108
12423.9  0.71065
12425.4  0.71099
12427    0.7139
12428.5  0.71728
12430.1  0.71876
12431.6  0.71814
12433.2  0.71626
12434.7  0.71576
12436.3  0.71793
12437.8  0.71976
12439.4  0.71909
12440.9  0.717
12442.5  0.7148
12444    0.71409
12445.6  0.71478
12447.1  0.71416
12448.6  0.71232
12450.2  0.71237
12451.7  0.71514
12453.3  0.71979
12454.9  0.72346
12456.4  0.72248
12458    0.71828
12459.5  0.71542
12461.1  0.71533
12462.6  0.71738
12464.2  0.7195
12465.7  0.71912
12467.3  0.71783
12468.8  0.71814
12470.4  0.71886
12471.9  0.7185
12473.5  0.71652
12475    0.71323
12476.6  0.7113
12478.2  0.71239
12479.7  0.71423
12481.3  0.71511
12482.8  0.71535
12484.4  0.71576
12486    0.71783
12487.5  0.72129
12489.1  0.7231
12490.6  0.72262
12492.2  0.72207
12493.8  0.7226
12495.3  0.7246
12496.9  0.72675
12498.4  0.72656
12500    0.72489
12501.6  0.72451
12503.1  0.72551
12504.7  0.72677
12506.3  0.72684
12507.8  0.72467
12509.4  0.7226
12510.9  0.72341
12512.5  0.7256
12514.1  0.72708
12515.6  0.72715
12517.2  0.72598
12518.8  0.72608
12520.3  0.72889
12521.9  0.7314
12523.5  0.73166
12525.1  0.73061
12526.6  0.72961
12528.2  0.73056
12529.8  0.73318
12531.3  0.73409
12532.9  0.73252
12534.5  0.73075
12536    0.73032
12537.6  0.73206
12539.2  0.73447
12540.8  0.73433
12542.3  0.73247
12543.9  0.73187
12545.5  0.73318
12547.1  0.73564
12548.6  0.73709
12550.2  0.73547
12551.8  0.73264
12553.4  0.73147
12554.9  0.73192
12556.5  0.73323
12558.1  0.73473
12559.7  0.73576
12561.2  0.73762
12562.8  0.74079
12564.4  0.7427
12566    0.74201
12567.6  0.73979
12569.1  0.73748
12570.7  0.73676
12572.3  0.73755
12573.9  0.737
12575.5  0.73493
12577    0.73395
12578.6  0.73528
12580.2  0.73891
12581.8  0.74255
12583.4  0.74272
12584.9  0.73996
12586.5  0.73748
12588.1  0.7365
12589.7  0.73714
12591.3  0.73824
12592.9  0.73812
12594.5  0.73864
12596    0.74179
12597.6  0.74587
12599.2  0.74861
12600.8  0.74885
12602.4  0.74649
12604    0.74425
12605.6  0.74403
12607.2  0.74399
12608.8  0.74272
12610.3  0.74072
12611.9  0.73886
12613.5  0.73876
12615.1  0.74031
12616.7  0.74072
12618.3  0.73955
12619.9  0.73891
12621.5  0.73996
12623.1  0.74296
12624.7  0.74601
12626.3  0.74587
12627.9  0.74337
12629.5  0.7416
12631    0.74139
12632.6  0.74224
12634.2  0.74234
12635.8  0.73979
12637.4  0.73678
12639    0.73621
12640.6  0.73774
12642.2  0.74003
12643.8  0.74122
12645.4  0.74015
12647    0.73848
12648.6  0.73779
12650.2  0.73705
12651.8  0.73586
12653.4  0.735
12655    0.73516
12656.6  0.73757
12658.2  0.74136
12659.8  0.74317
12661.4  0.74227
12663    0.74074
12664.6  0.74012
12666.2  0.74127
12667.8  0.74286
12669.5  0.74201
12671.1  0.73919
12672.7  0.73702
12674.3  0.73638
12675.9  0.73733
12677.5  0.73836
12679.1  0.73764
12680.7  0.73681
12682.3  0.73802
12683.9  0.74067
12685.5  0.74339
12687.1  0.74477
12688.7  0.74399
12690.4  0.7427
12692    0.74224
12693.6  0.74139
12695.2  0.73957
12696.8  0.73757
12698.4  0.73626
12700    0.73681
12701.6  0.73853
12703.3  0.73857
12704.9  0.73643
12706.5  0.73419
12708.1  0.7334
12709.7  0.73493
12711.3  0.73729
12712.9  0.73743
12714.6  0.73583
12716.2  0.73504
12717.8  0.73609
12719.4  0.73898
12721    0.7416
12722.6  0.74148
12724.3  0.73967
12725.9  0.73822
12727.5  0.7376
12729.1  0.73781
12730.7  0.73807
12732.4  0.73764
12734    0.73757
12735.6  0.73855
12737.2  0.73948
12738.9  0.73984
12740.5  0.74005
12742.1  0.74058
12743.7  0.74186
12745.3  0.74332
12747    0.74284
12748.6  0.74055
12750.2  0.73874
12751.8  0.73869
12753.5  0.7405
12755.1  0.74282
12756.7  0.74317
12758.4  0.74244
12760    0.74306
12761.6  0.74563
12763.2  0.74937
12764.9  0.75204
12766.5  0.75133
12768.1  0.74852
12769.8  0.74594
12771.4  0.74408
12773    0.74291
12774.7  0.74193
12776.3  0.74074
12777.9  0.7405
12779.6  0.74179
12781.2  0.74275
12782.8  0.74232
12784.5  0.74115
12786.1  0.74027
12787.7  0.7412
12789.4  0.7437
12791    0.74518
12792.6  0.74468
12794.3  0.74308
12795.9  0.74153
12797.5  0.74117
12799.2  0.74184
12800.8  0.7421
12802.5  0.74234
12804.1  0.74384
12805.7  0.74625
12807.4  0.74863
12809    0.74956
12810.7  0.74809
12812.3  0.74573
12813.9  0.74456
12815.6  0.74418
12817.2  0.74372
12818.9  0.7431
12820.5  0.74248
12822.2  0.74356
12823.8  0.74677
12825.4  0.74961
12827.1  0.75021
12828.7  0.74866
12830.4  0.74608
12832    0.74477
12833.7  0.74537
12835.3  0.74606
12837    0.74613
12838.6  0.74627
12840.3  0.74697
12841.9  0.74856
12843.6  0.7503
12845.2  0.75054
12846.9  0.74983
12848.5  0.7499
12850.2  0.75097
12851.8  0.75257
12853.5  0.7534
12855.1  0.75231
12856.8  0.75061
12858.4  0.75014
12860.1  0.7508
12861.7  0.75195
12863.4  0.75314
12865    0.75402
12866.7  0.75536
12868.4  0.75738
12870    0.75841
12871.7  0.75765
12873.3  0.75598
12875    0.7544
12876.6  0.75414
12878.3  0.75493
12880    0.75471
12881.6  0.75326
12883.3  0.75233
12884.9  0.75281
12886.6  0.75479
12888.3  0.75688
12889.9  0.75691
12891.6  0.75555
12893.2  0.75517
12894.9  0.75631
12896.6  0.7585
12898.2  0.76022
12899.9  0.75991
12901.6  0.75891
12903.2  0.75905
12904.9  0.75984
12906.6  0.76034
12908.2  0.75986
12909.9  0.75824
12911.6  0.75705
12913.2  0.75731
12914.9  0.75762
12916.6  0.75707
12918.2  0.75603
12919.9  0.75524
12921.6  0.756
12923.2  0.75812
12924.9  0.75939
12926.6  0.75912
12928.2  0.75843
12929.9  0.75836
12931.6  0.75977
12933.3  0.7622
12934.9  0.76394
12936.6  0.76501
12938.3  0.76637
12940    0.76773
12941.6  0.76857
12943.3  0.7683
12945    0.76671
12946.7  0.76549
12948.3  0.7663
12950    0.76802
12951.7  0.76904
12953.4  0.76873
12955    0.76723
12956.7  0.76642
12958.4  0.76745
12960.1  0.76866
12961.8  0.76888
12963.4  0.76833
12965.1  0.76766
12966.8  0.76835
12968.5  0.77014
12970.2  0.77055
12971.9  0.76885
12973.5  0.76635
12975.2  0.76435
12976.9  0.76406
12978.6  0.76482
12980.3  0.76463
12982    0.76356
12983.6  0.76289
12985.3  0.76315
12987    0.76442
12988.7  0.76592
12990.4  0.76659
12992.1  0.76709
12993.8  0.7683
12995.5  0.76952
12997.1  0.76993
12998.8  0.76952
13000.5  0.76859
13002.2  0.76847
13003.9  0.76959
13005.6  0.77019
13007.3  0.76919
13009    0.76737
13010.7  0.76592
13012.4  0.76625
13014.1  0.76826
13015.7  0.76985
13017.4  0.77024
13019.1  0.77035
13020.8  0.77081
13022.5  0.77209
13024.2  0.77345
13025.9  0.77319
13027.6  0.77174
13029.3  0.77062
13031    0.77007
13032.7  0.76976
13034.4  0.76909
13036.1  0.76752
13037.8  0.76663
13039.5  0.76797
13041.2  0.77035
13042.9  0.77221
13044.6  0.77279
13046.3  0.772
13048    0.77164
13049.7  0.77274
13051.4  0.77369
13053.1  0.77329
13054.8  0.77162
13056.5  0.76942
13058.2  0.76845
13059.9  0.76902
13061.7  0.76945
13063.4  0.76921
13065.1  0.76914
13066.8  0.76971
13068.5  0.77124
13070.2  0.77279
13071.9  0.7726
13073.6  0.77121
13075.3  0.77033
13077    0.77057
13078.7  0.77183
13080.4  0.77322
13082.2  0.77345
13083.9  0.77329
13085.6  0.77374
13087.3  0.77412
13089    0.77374
13090.7  0.7725
13092.4  0.77078
13094.1  0.77004
13095.9  0.77093
13097.6  0.7719
13099.3  0.7719
13101    0.77143
13102.7  0.77121
13104.4  0.77245
13106.2  0.77488
13107.9  0.77634
13109.6  0.77596
13111.3  0.77472
13113    0.77343
13114.8  0.77293
13116.5  0.77295
13118.2  0.77236
13119.9  0.77147
13121.6  0.77152
13123.4  0.77233
13125.1  0.77331
13126.8  0.77379
13128.5  0.77331
13130.3  0.77314
13132    0.77446
13133.7  0.7761
13135.4  0.77667
13137.2  0.77589
13138.9  0.7741
13140.6  0.77326
13142.3  0.77448
13144.1  0.77624
13145.8  0.77722
13147.5  0.77746
13149.2  0.77732
13151    0.7777
13152.7  0.77853
13154.4  0.77815
13156.2  0.77662
13157.9  0.7755
13159.6  0.7756
13161.4  0.77715
13163.1  0.77891
13164.8  0.77891
13166.6  0.77753
13168.3  0.77665
13170    0.77672
13171.8  0.77758
13173.5  0.77822
13175.2  0.77744
13177    0.77624
13178.7  0.77591
13180.4  0.77586
13182.2  0.77536
13183.9  0.77436
13185.7  0.7731
13187.4  0.77302
13189.1  0.77469
13190.9  0.77629
13192.6  0.77651
13194.4  0.77569
13196.1  0.77453
13197.8  0.77426
13199.6  0.77488
13201.3  0.77446
13203.1  0.77286
13204.8  0.77162
13206.6  0.77174
13208.3  0.77367
13210    0.77629
13211.8  0.77744
13213.5  0.77736
13215.3  0.7777
13217    0.77868
13218.8  0.77994
13220.5  0.78051
13222.3  0.77944
13224    0.7782
13225.8  0.77844
13227.5  0.77949
13229.3  0.7803
13231    0.78003
13232.8  0.77853
13234.5  0.77758
13236.3  0.77829
13238    0.77922
13239.8  0.77929
13241.5  0.77875
13243.3  0.77822
13245    0.7792
13246.8  0.78149
13248.5  0.78278
13250.3  0.78216
13252.1  0.78046
13253.8  0.77879
13255.6  0.77834
13257.3  0.77868
13259.1  0.77817
13260.8  0.77701
13262.6  0.77631
13264.4  0.77639
13266.1  0.77715
13267.9  0.77765
13269.6  0.77693
13271.4  0.77612
13273.2  0.77665
13274.9  0.77794
13276.7  0.77913
13278.4  0.77956
13280.2  0.77889
13282    0.7786
13283.7  0.77941
13285.5  0.77996
13287.3  0.77927
13289    0.77751
13290.8  0.7755
13292.6  0.77512
13294.3  0.7766
13296.1  0.7781
13297.9  0.77863
13299.6  0.77829
13301.4  0.77772
13303.2  0.77803
13304.9  0.77901
13306.7  0.77941
13308.5  0.77922
13310.3  0.77908
13312    0.77913
13313.8  0.77939
13315.6  0.77941
13317.4  0.77868
13319.1  0.77777
13320.9  0.77751
13322.7  0.77744
13324.5  0.77705
13326.2  0.7766
13328    0.77639
13329.8  0.77722
13331.6  0.77918
13333.3  0.78046
13335.1  0.78018
13336.9  0.7791
13338.7  0.7782
13340.4  0.7786
13342.2  0.78006
13344    0.78061
13345.8  0.77984
13347.6  0.77903
13349.4  0.77906
13351.1  0.78032
13352.9  0.78192
13354.7  0.78197
13356.5  0.78084
13358.3  0.78011
13360.1  0.78015
13361.8  0.78089
13363.6  0.78132
13365.4  0.78042
13367.2  0.77939
13369    0.77975
13370.8  0.78094
13372.6  0.78204
13374.3  0.78232
13376.1  0.78156
13377.9  0.78123
13379.7  0.78216
13381.5  0.78311
13383.3  0.78323
13385.1  0.78268
13386.9  0.78206
13388.7  0.78259
13390.5  0.78409
13392.3  0.78454
13394.1  0.78342
13395.8  0.78192
13397.6  0.7812
13399.4  0.7823
13401.2  0.78425
13403    0.78475
13404.8  0.78354
13406.6  0.78173
13408.4  0.78006
13410.2  0.77915
13412    0.77875
13413.8  0.77817
13415.6  0.77848
13417.4  0.78051
13419.2  0.78335
13421    0.78573
13422.8  0.78645
13424.6  0.78518
13426.4  0.78385
13428.2  0.78399
13430    0.78497
13431.8  0.78597
13433.6  0.78626
13435.4  0.78573
13437.2  0.78552
13439.1  0.78585
13440.9  0.78564
13442.7  0.78475
13444.5  0.78387
13446.3  0.78356
13448.1  0.7844
13449.9  0.78549
13451.7  0.78528
13453.5  0.78402
13455.3  0.78309
13457.1  0.78311
13459    0.78421
13460.8  0.78514
13462.6  0.78444
13464.4  0.78297
13466.2  0.78211
13468    0.78228
13469.8  0.78344
13471.6  0.78468
13473.5  0.78523
13475.3  0.78566
13477.1  0.7865
13478.9  0.78726
13480.7  0.78762
13482.5  0.78747
13484.4  0.78702
13486.2  0.7869
13488    0.78709
13489.8  0.78659
13491.6  0.78537
13493.5  0.78437
13495.3  0.78413
13497.1  0.78502
13498.9  0.78623
13500.7  0.78647
13502.6  0.78585
13504.4  0.7854
13506.2  0.78537
13508    0.78576
13509.9  0.78592
13511.7  0.78514
13513.5  0.78433
13515.3  0.78454
13517.2  0.78542
13519    0.78635
13520.8  0.78671
13522.7  0.78621
13524.5  0.78578
13526.3  0.78609
13528.1  0.78614
13530    0.78554
13531.8  0.78471
13533.6  0.7843
13535.5  0.78542
13537.3  0.78783
13539.1  0.78976
13541    0.79043
13542.8  0.79033
13544.6  0.78998
13546.5  0.79002
13548.3  0.7901
13550.1  0.78902
13552    0.78735
13553.8  0.78642
13555.6  0.78647
13557.5  0.78723
13559.3  0.78783
13561.2  0.78728
13563    0.78652
13564.8  0.78664
13566.7  0.78728
13568.5  0.78781
13570.4  0.78773
13572.2  0.78692
13574    0.78685
13575.9  0.78821
13577.7  0.78971
13579.6  0.79029
13581.4  0.78962
13583.3  0.78809
13585.1  0.78716
13587    0.78726
13588.8  0.78733
13590.6  0.78704
13592.5  0.78685
13594.3  0.78707
13596.2  0.78804
13598    0.78912
13599.9  0.78895
13601.7  0.7879
13603.6  0.78707
13605.4  0.78681
13607.3  0.78707
13609.1  0.7869
13611    0.78547
13612.9  0.78416
13614.7  0.78454
13616.6  0.78638
13618.4  0.78874
13620.3  0.7901
13622.1  0.78955
13624    0.7885
13625.8  0.78824
13627.7  0.78826
13629.5  0.78804
13631.4  0.78721
13633.3  0.78583
13635.1  0.78504
13637    0.78516
13638.8  0.78528
13640.7  0.78499
13642.6  0.78449
13644.4  0.78409
13646.3  0.78423
13648.2  0.78454
13650    0.78409
13651.9  0.78335
13653.7  0.78335
13655.6  0.78418
13657.5  0.78545
13659.3  0.78611
13661.2  0.78535
13663.1  0.78411
13664.9  0.78368
13666.8  0.78399
13668.7  0.78461
13670.5  0.78492
13672.4  0.78464
13674.3  0.78485
13676.1  0.78607
13678    0.78716
13679.9  0.78726
13681.8  0.78609
13683.6  0.7843
13685.5  0.78351
13687.4  0.78418
13689.3  0.78509
13691.1  0.78547
13693    0.7853
13694.9  0.7849
13696.8  0.7849
13698.6  0.78504
13700.5  0.78435
13702.4  0.78311
13704.3  0.78204
13706.1  0.78149
13708    0.78156
13709.9  0.78149
13711.8  0.78053
13713.7  0.77958
13715.5  0.77963
13717.4  0.78034
13719.3  0.78111
13721.2  0.78118
13723.1  0.78022
13725    0.77929
13726.8  0.77906
13728.7  0.77884
13730.6  0.77822
13732.5  0.77734
13734.4  0.77672
13736.3  0.77741
13738.2  0.77929
13740    0.78099
13741.9  0.7818
13743.8  0.78201
13745.7  0.78197
13747.6  0.78223
13749.5  0.78247
13751.4  0.78175
13753.3  0.78051
13755.2  0.77984
13757.1  0.77982
13758.9  0.78022
13760.8  0.78011
13762.7  0.77868
13764.6  0.77734
13766.5  0.77763
13768.4  0.77941
13770.3  0.78185
13772.2  0.78351
13774.1  0.78351
13776    0.78301
13777.9  0.78304
13779.8  0.78311
13781.7  0.78282
13783.6  0.78192
13785.5  0.78065
13787.4  0.78027
13789.3  0.78077
13791.2  0.78087
13793.1  0.78013
13795    0.77896
13796.9  0.77808
13798.8  0.77844
13800.7  0.77934
13802.6  0.77915
13804.5  0.77767
13806.4  0.77562
13808.3  0.77391
13810.2  0.77336
13812.2  0.77326
13814.1  0.7725
13816    0.77159
13817.9  0.77116
13819.8  0.77102
13821.7  0.77064
13823.6  0.76907
13825.5  0.76587
13827.4  0.76244
13829.3  0.75974
13831.3  0.75741
13833.2  0.75488
13835.1  0.75166
13837    0.74782
13838.9  0.74453
13840.8  0.74201
13842.7  0.73922
13844.7  0.73566
13846.6  0.73135
13848.5  0.72649
13850.4  0.7216
13852.3  0.71623
13854.3  0.70944
13856.2  0.70167
13858.1  0.69401
13860    0.68712
13861.9  0.68102
13863.9  0.67461
13865.8  0.66648
13867.7  0.65725
13869.6  0.64795
13871.5  0.63915
13873.5  0.63095
13875.4  0.62242
13877.3  0.61271
13879.3  0.60246
13881.2  0.59228
13883.1  0.58227
13885    0.57225
13887    0.56169
13888.9  0.55053
13890.8  0.53961
13892.7  0.52929
13894.7  0.51925
13896.6  0.5091
13898.5  0.49829
13900.5  0.48695
13902.4  0.47562
13904.3  0.46442
13906.3  0.45304
13908.2  0.44127
13910.1  0.42894
13912.1  0.41637
13914    0.40421
13915.9  0.39275
13917.9  0.38211
13919.8  0.37208
13921.8  0.36225
13923.7  0.35226
13925.6  0.34194
13927.6  0.33126
13929.5  0.32051
13931.5  0.31018
13933.4  0.30065
13935.3  0.29178
13937.3  0.28329
13939.2  0.27483
13941.2  0.26617
13943.1  0.25737
13945.1  0.2486
13947    0.23997
13948.9  0.23153
13950.9  0.2233
13952.8  0.21541
13954.8  0.20802
13956.7  0.20113
13958.7  0.1946
13960.6  0.18811
13962.6  0.18137
13964.5  0.17447
13966.5  0.1678
13968.4  0.16167
13970.4  0.15645
13972.3  0.15175
13974.3  0.14718
13976.2  0.14267
13978.2  0.13831
13980.1  0.13413
13982.1  0.13025
13984.1  0.12634
13986    0.12214
13988    0.11771
13989.9  0.11318
13991.9  0.10884
13993.8  0.10488
13995.8  0.10121
13997.8  0.097799
13999.7  0.094652
14001.7  0.091624
14003.6  0.08862
14005.6  0.085521
14007.6  0.082254
14009.5  0.079083
14011.5  0.076389
14013.5  0.07422
14015.4  0.072384
14017.4  0.07062
14019.3  0.068641
14021.3  0.066328
14023.3  0.063777
14025.2  0.061083
14027.2  0.05846
14029.2  0.056124
14031.1  0.05424
14033.1  0.052834
14035.1  0.051785
14037.1  0.050712
14039    0.049305
14041    0.047565
14043    0.045657
14044.9  0.04375
14046.9  0.042033
14048.9  0.040579
14050.9  0.039315
14052.8  0.038266
14054.8  0.037265
14056.8  0.036192
14058.8  0.035119
14060.7  0.034237
14062.7  0.033593
14064.7  0.03314
14066.7  0.032544
14068.7  0.031447
14070.6  0.029945
14072.6  0.028372
14074.6  0.02718
14076.6  0.026679
14078.6  0.026464
14080.5  0.025988
14082.5  0.025105
14084.5  0.02389
14086.5  0.022721
14088.5  0.021935
14090.5  0.021482
14092.4  0.021172
14094.4  0.020933
14096.4  0.020671
14098.4  0.020313
14100.4  0.019789
14102.4  0.019026
14104.4  0.018167
14106.4  0.017476
14108.4  0.017142
14110.3  0.017023
14112.3  0.016928
14114.3  0.016546
14116.3  0.01595
14118.3  0.01545
14120.3  0.015092
14122.3  0.014853
14124.3  0.014567
14126.3  0.014091
14128.3  0.01359
14130.3  0.01328
14132.3  0.013089
14134.3  0.012946
14136.3  0.012898
14138.3  0.012946
14140.3  0.013232
14142.3  0.013709
14144.3  0.014067
14146.3  0.014043
14148.3  0.013614
14150.3  0.012851
14152.3  0.01204
14154.3  0.011349
14156.3  0.010824
14158.3  0.010467
14160.3  0.010371
14162.3  0.010419
14164.3  0.010419
14166.3  0.01018
14168.3  0.009561
14170.3  0.008798
14172.3  0.008202
14174.3  0.007963
14176.4  0.007963
14178.4  0.007987
14180.4  0.007772
14182.4  0.007296
14184.4  0.006723
14186.4  0.006199
14188.4  0.005889
14190.4  0.005865
14192.4  0.00608
14194.5  0.006461
14196.5  0.006771
14198.5  0.006747
14200.5  0.006342
14202.5  0.005794
14204.5  0.005531
14206.6  0.005722
14208.6  0.006342
14210.6  0.006938
14212.6  0.007248
14214.6  0.0072
14216.7  0.006843
14218.7  0.006342
14220.7  0.005794
14222.7  0.005197
14224.8  0.004673
14226.8  0.004411
14228.8  0.004435
14230.8  0.004673
14232.8  0.004911
14234.9  0.004864
14236.9  0.004554
14238.9  0.004149
14241    0.003648
14243    0.003076
14245    0.00248
14247    0.001931
14249.1  0.001669
14251.1  0.001812
14253.1  0.00217
14255.2  0.002575
14257.2  0.002813
14259.2  0.002837
14261.3  0.002718
14263.3  0.002575
14265.3  0.002408
14267.4  0.002313
14269.4  0.002408
14271.4  0.002646
14273.5  0.003004
14275.5  0.00329
14277.6  0.003409
14279.6  0.003386
14281.6  0.003362
14283.7  0.003386
14285.7  0.003505
14287.8  0.003529
14289.8  0.003386
14291.8  0.003099
14293.9  0.002837
14295.9  0.00267
14298    0.002646
14300    0.002646
14302.1  0.002575
14304.1  0.002527
14306.2  0.002599
14308.2  0.002861
14310.2  0.003266
14312.3  0.003696
14314.3  0.003958
14316.4  0.004029
14318.4  0.00391
14320.5  0.003696
14322.5  0.003433
14324.6  0.003171
14326.6  0.002861
14328.7  0.002527
14330.8  0.002217
14332.8  0.002003
14334.9  0.001812
14336.9  0.00155
14339    0.001144
14341    0.000596
14343.1  0
14345.1  0
14347.2  0
14349.3  0
14351.3  0
14353.4  0.000262
14355.4  0.000763
14357.5  0.001168
14359.6  0.001502
14361.6  0.001764
14363.7  0.00186
14365.8  0.001717
14367.8  0.001311
14369.9  0.00062
14371.9  0
14374    0
14376.1  0
14378.1  0
14380.2  0
14382.3  0
14384.3  0
14386.4  0
14388.5  0
14390.6  0.000358
14392.6  0.000882
14394.7  0.001288
14396.8  0.001454
14398.8  0.001383
14400.9  0.001168
14403    0.000906
14405.1  0.000691
14407.1  0.000596
14409.2  0.00062
14411.3  0.000811
14413.4  0.001192
14415.5  0.001621
14417.5  0.001907
14419.6  0.001955
14421.7  0.001741
14423.8  0.001478
14425.9  0.001359
14427.9  0.001407
14430    0.00155
14432.1  0.001574
14434.2  0.00143
14436.3  0.00124
14438.3  0.001168
14440.4  0.001288
14442.5  0.00155
14444.6  0.001788
14446.7  0.00186
14448.8  0.001621
14450.9  0.001192
14453    0.000691
14455    0.000262
14457.1  0
14459.2  0
14461.3  0
14463.4  0
14465.5  0
14467.6  0
14469.7  0.000238
14471.8  0.00062
14473.9  0.000858
14476    0.00093
14478.1  0.000906
14480.2  0.000978
14482.3  0.001216
14484.4  0.001454
14486.5  0.001597
14488.6  0.001597
14490.7  0.001407
14492.8  0.001144
14494.9  0.000834
14497    0.000453
14499.1  0.000119
14501.2  0
14503.3  7.2e-05
14505.4  0.000238
14507.5  0.000143
14509.6  0
14511.7  0
14513.8  0
14515.9  0
14518    7.2e-05
14520.1  0.001001
14522.2  0.001168
14524.3  0.000572
14526.4  0
14528.5  0
14530.7  0
14532.8  0
14534.9  0.000548
14537    0.001073
14539.1  0.001311
14541.2  0.001502
14543.3  0.001741
14545.5  0.001907
14547.6  0.001931
14549.7  0.001812
14551.8  0.001574
14553.9  0.001192
14556    0.000739
14558.2  0.000215
14560.3  0
14562.4  0
14564.5  0
14566.6  0
14568.8  0
14570.9  0
14573    0
14575.1  0
14577.3  0
14579.4  0
14581.5  0
14583.6  0
14585.8  0.000525
14587.9  0.001144
14590    0.001574
14592.1  0.001645
14594.3  0.001335
14596.4  0.000739
14598.5  7.2e-05
14600.7  0
14602.8  0
14604.9  0
14607.1  0
14609.2  0
14611.3  0
14613.5  0
14615.6  0
14617.7  0
14619.9  0
14622    0
14624.2  0
14626.3  0
14628.4  0
14630.6  9.5e-05
14632.7  0.000238
14634.9  0.000262
14637    0.000238
14639.1  0.000262
14641.3  0.000429
14643.4  0.000787
14645.6  0.001264
14647.7  0.001597
14649.9  0.001574
14652    0.001168
14654.2  0.000525
14656.3  0
14658.5  0
14660.6  0
14662.8  0
14664.9  0
14667.1  0
14669.2  0
14671.4  0
14673.5  9.5e-05
14675.7  0.00031
14677.8  0.000429
14680    0.000525
14682.1  0.000691
14684.3  0.000882
14686.4  0.000954
14688.6  0.000906
14690.8  0.000763
14692.9  0.000453
14695.1  0
14697.2  0
14699.4  0
14701.6  0
14703.7  0
14705.9  0
14708    0
14710.2  0
14712.4  0
14714.5  0
14716.7  0
14718.9  0
14721    0
14723.2  0.000191
14725.4  2.4e-05
14727.5  0
14729.7  0
14731.9  0
14734.1  0
14736.2  0
14738.4  0
14740.6  0
14742.7  0
14744.9  0
14747.1  0
14749.3  0
14751.4  0
14753.6  0
14755.8  0
14758    0
14760.1  0
14762.3  0
14764.5  0
14766.7  0
14768.9  0
14771    0
14773.2  0
14775.4  0.000143
14777.6  0.000358
14779.8  0.000334
14782    9.5e-05
14784.2  0
14786.3  0
14788.5  0
14790.7  0
14792.9  0
14795.1  0
14797.3  0
14799.5  0
14801.7  7.2e-05
14803.8  0.000381
14806    0.000834
14808.2  0.00124
14810.4  0.001407
14812.6  0.001288
14814.8  0.000882
14817    0.000358
14819.2  0
14821.4  0
14823.6  0
14825.8  0.000119
14828    0.000238
14830.2  0.000286
14832.4  0.000334
14834.6  0.000453
14836.8  0.000501
14839    0.000429
14841.2  0.000238
14843.4  0
14845.6  0
14847.8  0
14850    0
14852.2  0
14854.4  0
14856.6  0
14858.8  0
14861    4.8e-05
14863.3  0.000143
14865.5  0
14867.7  0
14869.9  0
14872.1  0
14874.3  0
14876.5  0
14878.7  0
14881    0
14883.2  0.000191
14885.4  0.000286
14887.6  7.2e-05
14889.8  0
14892    0
14894.3  0
14896.5  7.2e-05
14898.7  0.000525
14900.9  0.000644
14903.1  0.000334
14905.4  0
14907.6  0
14909.8  0
14912    0
14914.2  0
14916.5  0
14918.7  0
14920.9  0
14923.1  0
14925.4  0
14927.6  0
14929.8  0
14932.1  0
14934.3  0
14936.5  0
14938.8  0
14941    0
14943.2  0
14945.4  0
14947.7  0
14949.9  0
14952.2  0
14954.4  0
14956.6  0
14958.9  0
14961.1  0.000405
14963.3  0.000548
14965.6  0.000501
14967.8  0.00031
14970.1  9.5e-05
14972.3  0
14974.5  0
14976.8  0
14979    2.4e-05
14981.3  0.000334
14983.5  0.000501
14985.8  0.000381
14988    0
14990.3  0
14992.5  0
14994.8  0
14997    0
14999.3  0
15001.5  0