 5400  0.0001
 5410  0.0001
 5420  0.0002
 5430  0.0004
 5440  0.0008
 5450  0.0014
 5460  0.0026
 5470  0.0046
 5480  0.0078
 5490  0.0129
 5500  0.0205
 5510  0.0313
 5520  0.0459
 5530  0.0648
 5540  0.0883
 5550  0.1165
 5560  0.1487
 5570  0.1848
 5580  0.224
 5590  0.2659
 5600  0.3091
 5610  0.3523
 5620  0.3957
 5630  0.437
 5640  0.4762
 5650  0.5137
 5660  0.5488
 5670  0.5812
 5680  0.6117
 5690  0.6394
 5700  0.6646
 5710  0.6876
 5720  0.7082
 5730  0.7267
 5740  0.7434
 5750  0.7584
 5760  0.7717
 5770  0.7837
 5780  0.7943
 5790  0.804
 5800  0.8124
 5810  0.8197
 5820  0.8264
 5830  0.8322
 5840  0.8372
 5850  0.8415
 5860  0.8455
 5870  0.8489
 5880  0.8516
 5890  0.8543
 5900  0.8563
 5910  0.858
 5920  0.8592
 5930  0.8603
 5940  0.8612
 5950  0.8616
 5960  0.862
 5970  0.8618
 5980  0.8618
 5990  0.8617
 6000  0.8615
 6010  0.8607
 6020  0.8598
 6030  0.8593
 6040  0.8585
 6050  0.8573
 6060  0.8558
 6070  0.8545
 6080  0.8532
 6090  0.8517
 6100  0.8501
 6110  0.8486
 6120  0.8466
 6130  0.8446
 6140  0.8428
 6150  0.8407
 6160  0.8386
 6170  0.8366
 6180  0.8345
 6190  0.8321
 6200  0.8296
 6210  0.8271
 6220  0.8244
 6230  0.8217
 6240  0.8194
 6250  0.8166
 6260  0.8139
 6270  0.8114
 6280  0.8084
 6290  0.8057
 6300  0.8026
 6310  0.7995
 6320  0.7966
 6330  0.7934
 6340  0.7903
 6350  0.7874
 6360  0.784
 6370  0.7811
 6380  0.7777
 6390  0.7745
 6400  0.7711
 6410  0.7678
 6420  0.7647
 6430  0.7611
 6440  0.7575
 6450  0.7542
 6460  0.7508
 6470  0.7472
 6480  0.7435
 6490  0.7401
 6500  0.7365
 6510  0.7325
 6520  0.7289
 6530  0.7254
 6540  0.7218
 6550  0.7185
 6560  0.7148
 6570  0.7111
 6580  0.707
 6590  0.7032
 6600  0.6996
 6610  0.6957
 6620  0.692
 6630  0.6881
 6640  0.6842
 6650  0.6804
 6660  0.6765
 6670  0.6724
 6680  0.6686
 6690  0.6646
 6700  0.6607
 6710  0.6564
 6720  0.6524
 6730  0.6484
 6740  0.644
 6750  0.6397
 6760  0.6357
 6770  0.6311
 6780  0.6268
 6790  0.6223
 6800  0.6179
 6810  0.6134
 6820  0.6089
 6830  0.6043
 6840  0.5997
 6850  0.595
 6860  0.5904
 6870  0.5857
 6880  0.5814
 6890  0.5767
 6900  0.5719
 6910  0.567
 6920  0.5623
 6930  0.5575
 6940  0.5528
 6950  0.5481
 6960  0.5435
 6970  0.5385
 6980  0.5339
 6990  0.529
 7000  0.5242
 7010  0.5194
 7020  0.5146
 7030  0.51
 7040  0.5053
 7050  0.5007
 7060  0.4959
 7070  0.4912
 7080  0.4866
 7090  0.4818
 7100  0.4771
 7110  0.4724
 7120  0.4675
 7130  0.4629
 7140  0.4585
 7150  0.4538
 7160  0.4493
 7170  0.4448
 7180  0.4402
 7190  0.4354
 7200  0.431
 7210  0.4263
 7220  0.4217
 7230  0.4173
 7240  0.4129
 7250  0.4084
 7260  0.4039
 7270  0.3994
 7280  0.3952
 7290  0.3906
 7300  0.3862
 7310  0.3819
 7320  0.3773
 7330  0.3731
 7340  0.3689
 7350  0.3646
 7360  0.3603
 7370  0.3558
 7380  0.3516
 7390  0.3474
 7400  0.3431
 7410  0.3387
 7420  0.3344
 7430  0.3303
 7440  0.3261
 7450  0.3222
 7460  0.3179
 7470  0.3138
 7480  0.3097
 7490  0.3056
 7500  0.3016
 7510  0.2976
 7520  0.2934
 7530  0.2895
 7540  0.2856
 7550  0.2818
 7560  0.2777
 7570  0.2739
 7580  0.2699
 7590  0.2662
 7600  0.2624
 7610  0.2585
 7620  0.2548
 7630  0.251
 7640  0.2474
 7650  0.2436
 7660  0.24
 7670  0.2365
 7680  0.2329
 7690  0.2292
 7700  0.2257
 7710  0.2223
 7720  0.2188
 7730  0.2153
 7740  0.2119
 7750  0.2086
 7760  0.2053
 7770  0.2022
 7780  0.1988
 7790  0.1955
 7800  0.1924
 7810  0.1893
 7820  0.186
 7830  0.1829
 7840  0.1799
 7850  0.1769
 7860  0.1741
 7870  0.1711
 7880  0.1681
 7890  0.1653
 7900  0.1625
 7910  0.1595
 7920  0.1568
 7930  0.1541
 7940  0.1515
 7950  0.1488
 7960  0.1461
 7970  0.1436
 7980  0.1411
 7990  0.1386
 8000  0.1361
 8010  0.1336
 8020  0.1312
 8030  0.1287
 8040  0.1264
 8050  0.1242
 8060  0.1218
 8070  0.1195
 8080  0.1173
 8090  0.1151
 8100  0.113
 8110  0.1109
 8120  0.1087
 8130  0.1067
 8140  0.1047
 8150  0.1027
 8160  0.1007
 8170  0.0988
 8180  0.0969
 8190  0.095
 8200  0.0932
 8210  0.0913
 8220  0.0894
 8230  0.0877
 8240  0.0861
 8250  0.0843
 8260  0.0827
 8270  0.081
 8280  0.0793
 8290  0.0777
 8300  0.0762
 8310  0.0746
 8320  0.0731
 8330  0.0717
 8340  0.0703
 8350  0.0688
 8360  0.0675
 8370  0.0661
 8380  0.0647
 8390  0.0633
 8400  0.062
 8410  0.0607
 8420  0.0594
 8430  0.0582
 8440  0.057
 8450  0.0557
 8460  0.0546
 8470  0.0534
 8480  0.0523
 8490  0.0512
 8500  0.0501
 8510  0.049
 8520  0.0479
 8530  0.0468
 8540  0.0458
 8550  0.0449
 8560  0.0439
 8570  0.0429
 8580  0.0421
 8590  0.0413
 8600  0.041
 8610  0.041
 8620  0.0399
 8630  0.0392
 8640  0.0383
 8650  0.0377
 8660  0.037
 8670  0.036
 8680  0.0351
 8690  0.034
 8700  0.0338
 8710  0.0329
 8720  0.0319
 8730  0.0317
 8740  0.0306
 8750  0.03
 8760  0.0292
 8770  0.0287
 8780  0.0281
 8790  0.0274
 8800  0.0273
 8810  0.0265
 8820  0.0257
 8830  0.0252
 8840  0.0247
 8850  0.0243
 8860  0.0238
 8870  0.023
 8880  0.0223
 8890  0.0222
 8900  0.022
 8910  0.0212
 8920  0.0207
 8930  0.0202
 8940  0.0199
 8950  0.0193
 8960  0.019
 8970  0.0185
 8980  0.0182
 8990  0.0176
 9000  0.0176
 9010  0.017
 9020  0.0164
 9030  0.0163
 9040  0.0158
 9050  0.0159
 9060  0.0155
 9070  0.0148
 9080  0.0141
 9090  0.0138
 9100  0.0144
 9110  0.0134
 9120  0.0132
 9130  0.0129
 9140  0.0126
 9150  0.0121
 9160  0.0113
 9170  0.0115
 9180  0.0116
 9190  0.0115
 9200  0.0116
 9210  0.0112
 9220  0.0108
 9230  0.0105
 9240  0.0105
 9250  0.0101
 9260  0.0095
 9270  0.0094
 9280  0.0095
 9290  0.009
 9300  0.0092
 9310  0.0092
 9320  0.0088
 9330  0.0083
 9340  0.0082
 9350  0.0082
 9360  0.0078
 9370  0.0077
 9380  0.0075
 9390  0.0074
 9400  0.0074
 9410  0.0073
 9420  0.0072
 9430  0.0069
 9440  0.0062
 9450  0.0066
 9460  0.0067
 9470  0.0065
 9480  0.0062
 9490  0.0059
 9500  0.006
 9510  0.0054
 9520  0.0059
 9530  0.0059
 9540  0.0054
 9550  0.0052
 9560  0.0052
 9570  0.0051
 9580  0.0049
 9590  0.0048
 9600  0.0052
 9610  0.0051
 9620  0.0046
 9630  0.0046
 9640  0.0046
 9650  0.0047
 9660  0.0043
 9670  0.0044
 9680  0.0044
 9690  0.0039
 9700  0.004
 9710  0.0039
 9720  0.004
 9730  0.0036
 9740  0.0038
 9750  0.0035
 9760  0.0035
 9770  0.004
 9780  0.0035
 9790  0.0034
 9800  0.0033
 9810  0.0033
 9820  0.0031
 9830  0.0033
 9840  0.0032
 9850  0.003
 9860  0.0033
 9870  0.0032
 9880  0.003
 9890  0.0026
 9900  0.0026
 9910  0.0029
 9920  0.0026
 9930  0.0027
 9940  0.003
 9950  0.0027
 9960  0.0027
 9970  0.0026
 9980  0.0023
 9990  0.0021
10000  0.0025
10010  0.0021
10020  0.0018
10030  0.0024
10040  0.0026
10050  0.0024
10060  0.0024
10070  0.0021
10080  0.0016
10090  0.0021
10100  0.0025
10110  0.0018
10120  0.0019
10130  0.0021
10140  0.0018
10150  0.0017
10160  0.0014
10170  0.0018
10180  0.0022
10190  0.0017
10200  0.0021
10210  0.0017
10220  0.0018
10230  0.0015
10240  0.0017
10250  0.002
10260  0.0019
10270  0.0017
10280  0.0019
10290  0.0018
10300  0.0022
10310  0.0016
10320  0.001
10330  0.001
10340  0.0012
10350  0.0019
10360  0.0019
10370  0.0018
10380  0.0015
10390  0.0014
10400  0.0015
10410  0.001
10420  0.001
10430  0.0018
10440  0.0018
10450  0.0015
10460  0.0012
10470  0.001
10480  0.0012
10490  0.0012
10500  0.0015
10510  0.0013
10520  0.0014
10530  0.0014
10540  0.0014
10550  0.0009
10560  0.0011
10570  0.0015
10580  0.0012
10590  0.0015
10600  0.0018
10610  0.0008
10620  0.0006
10630  0.0006
10640  0.0013
10650  0.0012
10660  0.001
10670  0.0006
10680  0.001
10690  0.0011
10700  0.0016
10710  0.0014
10720  0.0011
10730  0.0009
10740  0.0009
10750  0.0005
10760  0.0003
10770  0.0008
10780  0.0008
10790  0.0007
10800  0.0008
10810  0.0004
10820  0.0008
10830  0.0008
10840  0.0009
10850  0.001
10860  0.0013
10870  0.0013
10880  0.0014
10890  0.0006
10900  0.0008
10910  0.0008
10920  0.0008
10930  0.0014
10940  0.0013
10950  0.001
10960  0.0013
10970  0.0014
10980  0.0011
10990  0.001
11000  0.001